#Parameters = {D_0=150; D_1=160; D_2=170; D_3=180; D_4=190; D_5=200; D_6=210; R_0=4; R_horn=100; T=1; a=7.112; a_horn=21; b=3.556; b_horn=15.5; d=22.5756394418; d2=14.198361494191; delta=0.005; f=200; f2=350; h_back=8; h_back_2=20; h_back_back=20; h_horn=213.67261386413; h_horn2=43; l_la=650; l_plasma=200; n=1.9493588689618; ne0=218400000000; ne1=176000000000; ne2=168000000000; ne3=155000000000; ne4=134000000000; ne5=102000000000; ne6=29300000000; ve1=1500000000; xx=8.903025577672; y_move=0; yy=8.903025577672; z_move=20}
#"Frequency / GHz"	"27.5E9 [Real Part]"
#--------------------------------------
20.010000228882	5.4581880625765
20.050000190735	5.4461174992694
20.069999694824	5.4407538028620
20.090000152588	5.4356287368575
20.110000610352	5.4296104517241
20.130000114441	5.4224575310066
20.149999618530	5.4113556039798
20.170000076294	5.3954410211187
20.190000534058	5.3688303345202
20.210000038147	5.3178734840470
20.250000000000	4.7074294945414
20.270000457764	-5.2805589475770
20.329999923706	5.1770971954636
20.350000381470	5.2990979182208
20.369999885559	5.3457902010677
20.389999389648	5.3654237535542
20.409999847412	5.3735229244710
20.430000305176	5.3744049279157
20.449999809265	5.3700676632334
20.469999313354	5.3585792853874
20.510000228882	5.3057964923440
20.530000686646	5.2448081327884
20.550000190735	5.1186911949123
20.569999694824	4.7850797587894
20.590000152588	3.3374643664620
20.610000610352	-7.4896254445758
20.630000114441	-0.31618704904871
20.649999618530	4.3296734279920
20.670000076294	4.9773980282977
20.690000534058	5.1736308765627
20.710000038147	5.2557045166046
20.729999542236	5.2937009130384
20.750000000000	5.3113300693603
20.789999961853	5.3116322735577
20.809999465942	5.2954150155536
20.829999923706	5.2652425440047
20.850000381470	5.2107560907838
20.869999885559	5.1078337223754
20.889999389648	4.8834200216790
20.909999847412	4.2607754308784
20.930000305176	1.5012261272585
20.949999809265	-5.7130172775356
20.969999313354	1.4241754475555
20.989999771118	4.2388968268000
21.010000228882	4.8661562989868
21.030000686646	5.0874566508493
21.069999694824	5.2344265378740
21.090000152588	5.2569113292372
21.110000610352	5.2628411606618
21.130000114441	5.2555388083306
21.149999618530	5.2321433991046
21.170000076294	5.1878724139298
21.190000534058	5.1065883802145
21.210000038147	4.9489285704950
21.250000000000	3.5750255792156
21.270000457764	-0.29493224004947
21.289999961853	-3.1246512698775
21.309999465942	2.3559606154711
21.329999923706	4.2487504469988
21.350000381470	4.8055005775442
21.369999885559	5.0272950629206
21.389999389648	5.1312573331270
21.409999847412	5.1836035262362
21.430000305176	5.2074443953889
21.449999809265	5.2123386686580
21.469999313354	5.1990597994639
21.489999771118	5.1662447388247
21.530000686646	4.9880529718807
21.550000190735	4.7589150350830
21.569999694824	4.2310308765189
21.590000152588	2.7209511819076
21.610000610352	-1.2488902555001
21.630000114441	-0.83869347069634
21.649999618530	2.9469382943134
21.670000076294	4.2955514066391
21.690000534058	4.7739592421068
21.710000038147	4.9834116491028
21.729999542236	5.0861622424141
21.750000000000	5.1383891338881
21.789999961853	5.1618300907250
21.809999465942	5.1411476304677
21.829999923706	5.0951812911148
21.850000381470	5.0092363742877
21.869999885559	4.8495585419736
21.889999389648	4.5262372705188
21.909999847412	3.7763575463258
21.930000305176	1.7934602809695
21.949999809265	-1.1525335599869
21.969999313354	0.78448995268484
21.989999771118	3.3535804798688
22.010000228882	4.3525891208441
22.030000686646	4.7585953961723
22.069999694824	5.0474289610221
22.090000152588	5.0965520447458
22.110000610352	5.1151439952238
22.130000114441	5.1101405714811
22.149999618530	5.0793981819167
22.170000076294	5.0164068654520
22.190000534058	4.9003740261279
22.210000038147	4.6834621383819
22.229999542236	4.2404401505631
22.270000457764	1.0155878725244
22.289999961853	-0.37886378498311
22.309999465942	1.8703170449780
22.329999923706	3.6506740255771
22.350000381470	4.4106046645736
22.369999885559	4.7532640964381
22.389999389648	4.9236247248729
22.409999847412	5.0128793218334
22.430000305176	5.0564331093571
22.449999809265	5.0694954390740
22.469999313354	5.0550290645533
22.489999771118	5.0115426181318
22.530000686646	4.7721931540671
22.550000190735	4.4825714143772
22.569999694824	3.8937296373769
22.590000152588	2.6338770941565
22.610000610352	0.64941643386233
22.630000114441	0.61982207154650
22.649999618530	2.5982469131516
22.670000076294	3.8696755623203
22.690000534058	4.4613330826398
22.710000038147	4.7503676136271
22.729999542236	4.9005710943178
22.750000000000	4.9799442734910
22.770000457764	5.0162667177703
22.809999465942	4.9961812959860
22.829999923706	4.9361028314534
22.850000381470	4.8239901141111
22.869999885559	4.6222803963286
22.889999389648	4.2436511668619
22.909999847412	3.4964744685452
22.930000305176	2.0995595134282
22.949999809265	0.75046636773150
22.969999313354	1.5234121794272
22.989999771118	3.0979000315858
23.010000228882	4.0357406105519
23.030000686646	4.5051688785790
23.069999694824	4.8798485813188
23.090000152588	4.9483401005833
23.110000610352	4.9759750186025
23.130000114441	4.9714746883822
23.149999618530	4.9329764512706
23.170000076294	4.8527323735328
23.190000534058	4.7076231576096
23.210000038147	4.4489459063987
23.229999542236	3.9706499476974
23.250000000000	3.0817071167560
23.270000457764	1.7489188762325
23.309999465942	2.2341001306316
23.329999923706	3.4518997673754
23.350000381470	4.1647941318889
23.369999885559	4.5436272120282
23.389999389648	4.7487083989111
23.409999847412	4.8614124400776
23.430000305176	4.9183927323754
23.449999809265	4.9366008800230
23.469999313354	4.9198244801192
23.489999771118	4.8662342562507
23.510000228882	4.7622761363917
23.550000190735	4.2552286476164
23.569999694824	3.6750054473646
23.590000152588	2.7017561910311
23.610000610352	1.6371284999760
23.630000114441	1.6797911238426
23.649999618530	2.7645195046598
23.670000076294	3.7110608772756
23.690000534058	4.2680726932572
23.710000038147	4.5777270198224
23.729999542236	4.7506523491722
23.750000000000	4.8459783194959
23.770000457764	4.8910516284048
23.809999465942	4.8687160646354
23.829999923706	4.7972671270835
23.850000381470	4.6660243316559
23.869999885559	4.4388216728131
23.889999389648	4.0438183298959
23.909999847412	3.3705448096988
23.930000305176	2.3987284178574
23.949999809265	1.7215158356717
23.969999313354	2.1747100182996
23.989999771118	3.1624872395955
24.010000228882	3.9110245153231
24.030000686646	4.3559449274938
24.069999694824	4.7564094889283
24.090000152588	4.8351851639049
24.110000610352	4.8679352113885
24.130000114441	4.8632849298396
24.149999618530	4.8191624836890
24.170000076294	4.7272723225014
24.190000534058	4.5645299804347
24.210000038147	4.2868372663923
24.229999542236	3.8150022711554
24.250000000000	3.0649694210524
24.270000457764	2.1872806419339
24.289999961853	1.9253820945026
24.329999923706	3.4745568944019
24.350000381470	4.0768803163916
24.369999885559	4.4378686732660
24.389999389648	4.6480996905830
24.409999847412	4.7688782459910
24.430000305176	4.8317008978032
24.449999809265	4.8522195712928
24.469999313354	4.8337758739397
24.489999771118	4.7740170446858
24.510000228882	4.6588794567727
24.550000190735	4.1231246886629
24.569999694824	3.5667135594426
24.590000152588	2.7617333524625
24.610000610352	2.0608484509325
24.630000114441	2.1835653655224
24.649999618530	2.9782417784585
24.670000076294	3.7305528906452
24.690000534058	4.2232864150278
24.710000038147	4.5189333169175
24.729999542236	4.6923009683159
24.750000000000	4.7908924014578
24.770000457764	4.8384210111262
24.809999465942	4.8140123560366
24.829999923706	4.7365104125392
24.850000381470	4.5946392076128
24.869999885559	4.3519882327690
24.889999389648	3.9422111934234
24.909999847412	3.2856942535036
24.930000305176	2.4473453475820
24.949999809265	1.9986201522576
24.969999313354	2.4632338589600
24.989999771118	3.3030154984963
25.010000228882	3.9561674314712
25.030000686646	4.3633216575423
25.050000190735	4.6061851527197
25.090000152588	4.8265340681469
25.110000610352	4.8596176974382
25.130000114441	4.8546730319215
25.149999618530	4.8086558739599
25.170000076294	4.7119081460037
25.190000534058	4.5388794850443
25.210000038147	4.2409555990824
25.229999542236	3.7329845374067
25.250000000000	2.9393548381960
25.270000457764	2.0881408415278
25.289999961853	1.9829682599401
25.329999923706	3.6075283256944
25.350000381470	4.1725834562013
25.369999885559	4.5093408481757
25.389999389648	4.7066063569827
25.409999847412	4.8211836889180
25.430000305176	4.8817129994958
25.449999809265	4.9022301750870
25.469999313354	4.8849781778557
25.489999771118	4.8263899761182
25.510000228882	4.7099935353517
25.550000190735	4.1290962153068
25.569999694824	3.4704303256335
25.590000152588	2.4515323152683
25.610000610352	1.6218975305815
25.630000114441	2.0243888302064
25.649999618530	3.1014789182383
25.670000076294	3.9207361393139
25.690000534058	4.3997430379581
25.710000038147	4.6727270864843
25.729999542236	4.8298516407531
25.750000000000	4.9196706758485
25.770000457764	4.9646407077232
25.809999465942	4.9496755926981
25.829999923706	4.8821876386725
25.850000381470	4.7498342870327
25.869999885559	4.5031008498677
25.889999389648	4.0288412928717
25.909999847412	3.1028248591734
25.930000305176	1.6218585061191
25.949999809265	0.95931854395154
25.969999313354	2.2197615769302
25.989999771118	3.5446145256296
26.010000228882	4.2778485247862
26.030000686646	4.6587994184878
26.050000190735	4.8676796881045
26.090000152588	5.0539990663402
26.110000610352	5.0871718948232
26.130000114441	5.0927570237366
26.149999618530	5.0680137423945
26.170000076294	5.0040898903500
26.190000534058	4.8733423931701
26.210000038147	4.6075204766737
26.229999542236	4.0134877794186
26.250000000000	2.5310924440047
26.270000457764	-0.25095584842421
26.289999961853	0.15579806961184
26.309999465942	2.8807333290546
26.350000381470	4.7160035907772
26.369999885559	4.9719166234779
26.389999389648	5.1092958214503
26.409999847412	5.1899346501927
26.430000305176	5.2386201008291
26.449999809265	5.2670956695145
26.469999313354	5.2782302149579
26.489999771118	5.2731090851216
26.510000228882	5.2447898526467
26.550000190735	5.0025042257269
26.569999694824	4.4918788701859
26.590000152588	1.9585177191952
26.610000610352	-7.1724636586751
26.630000114441	1.6328138926640
26.649999618530	4.4797274223687
26.670000076294	5.0480981695934
26.690000534058	5.2527403609841
26.710000038147	5.3538373521289
26.729999542236	5.4141358764226
26.750000000000	5.4576062408505
26.770000457764	5.4938324637079
26.809999465942	5.5679759069524
26.829999923706	5.6184572855969
26.850000381470	5.6940769497716
26.869999885559	5.8291064028641
26.889999389648	6.1299333567063
26.909999847412	7.1215150834785
26.969999313354	7.5609175375916
26.989999771118	6.2903751618467
27.010000228882	5.9632096813245
27.030000686646	5.8459814329657
27.050000190735	5.8036722385573
27.090000152588	5.8137018468459
27.110000610352	5.8523097502984
27.130000114441	5.9165319653618
27.149999618530	6.0151736600685
27.170000076294	6.1718141082445
27.190000534058	6.4307566784393
27.210000038147	6.8858484297059
27.250000000000	8.9900888700031
27.270000457764	9.7897655473413
27.289999961853	8.9528902331047
27.309999465942	7.7326750172965
27.329999923706	6.9843123999891
27.369999885559	6.4044904862437
27.389999389648	6.3179432839896
27.409999847412	6.2995281165437
27.430000305176	6.3316373784880
27.449999809265	6.4095159495739
27.469999313354	6.5323040692997
27.489999771118	6.7049340161601
27.530000686646	7.1749052358681
27.550000190735	7.4037096967429
27.569999694824	7.5315487518866
27.590000152588	7.5043009163871
27.610000610352	7.3397313779654
27.630000114441	7.1125762098809
27.670000076294	6.7026003761281
27.690000534058	6.5607887600502
27.710000038147	6.4586605041677
27.729999542236	6.3863431971560
27.750000000000	6.3381304153443
27.770000457764	6.3071279642278
27.809999465942	6.2774916392814
27.829999923706	6.2713517682298
27.850000381470	6.2670176919916
27.869999885559	6.2627290343292
27.889999389648	6.2548435067329
27.909999847412	6.2438548043184
27.930000305176	6.2284326523187
27.969999313354	6.1841192773006
27.989999771118	6.1562242361046
28.010000228882	6.1256044479476
28.030000686646	6.0932364924404
28.050000190735	6.0605959630522
28.069999694824	6.0267334770861
28.090000152588	5.9939952153058
28.130000114441	5.9323144423769
28.149999618530	5.9026542792896
28.170000076294	5.8749738868950
28.190000534058	5.8486445142049
28.210000038147	5.8241035760280
28.229999542236	5.7995158277310
28.250000000000	5.7763601706692
28.270000457764	5.7538741751541
28.309999465942	5.7101269553672
28.329999923706	5.6884879799256
28.350000381470	5.6667721315974
28.369999885559	5.6453917244099
28.389999389648	5.6226198812465
28.409999847412	5.5999970544510
28.430000305176	5.5769534035006
28.449999809265	5.5540260354801
28.489999771118	5.5055935947950
28.510000228882	5.4813842210992
28.530000686646	5.4572291932563
28.550000190735	5.4338622061846
28.569999694824	5.4099637868084
28.590000152588	5.3873393437886
28.610000610352	5.3657172630040
28.630000114441	5.3458332270141
28.670000076294	5.3089451715658
28.690000534058	5.2931754284885
28.710000038147	5.2795705647383
28.729999542236	5.2665557357141
28.750000000000	5.2555158478351
28.770000457764	5.2457636625424
28.789999961853	5.2375753570629
28.809999465942	5.2291859865578
28.829999923706	5.2218253462853
28.869999885559	5.2080778426813
28.889999389648	5.2001858651881
28.909999847412	5.1923197817942
28.930000305176	5.1837977879824
28.949999809265	5.1749835466394
28.969999313354	5.1643040205948
28.989999771118	5.1531917008973
29.010000228882	5.1411730050191
29.050000190735	5.1151746929971
29.069999694824	5.1005008510998
29.090000152588	5.0859502466155
29.110000610352	5.0713034825388
29.130000114441	5.0573254948870
29.149999618530	5.0428795972528
29.170000076294	5.0297278343429
29.190000534058	5.0176795900235
29.210000038147	5.0074522925847
29.250000000000	4.9902737477006
29.270000457764	4.9843848915390
29.289999961853	4.9805196504656
29.309999465942	4.9770770699484
29.329999923706	4.9752175378949
29.350000381470	4.9741501731190
29.369999885559	4.9739947466447
29.389999389648	4.9729569442140
29.409999847412	4.9721108238757
29.449999809265	4.9687605996705
29.469999313354	4.9647998705680
29.489999771118	4.9600288021282
29.510000228882	4.9538786961834
29.530000686646	4.9463343757356
29.550000190735	4.9379258890987
29.569999694824	4.9273774598521
29.590000152588	4.9163088378860
29.610000610352	4.9045347410137
29.649999618530	4.8802605196637
29.670000076294	4.8685424438714
29.690000534058	4.8576483558584
29.710000038147	4.8483990032377
29.729999542236	4.8397007009902
29.750000000000	4.8331500169939
29.770000457764	4.8283700189595
29.789999961853	4.8257816944064
29.809999465942	4.8238322580371
29.829999923706	4.8236446932104
29.869999885559	4.8260950850782
29.889999389648	4.8269605566436
29.909999847412	4.8279244091207
29.930000305176	4.8281299356513
29.949999809265	4.8276930641986
29.969999313354	4.8249620168003
29.989999771118	4.8211345757660
30.010000228882	4.8156549185400
30.030000686646	4.8085332613500
30.069999694824	4.7899327176048
30.090000152588	4.7789875019289
30.110000610352	4.7674638497579
30.130000114441	4.7562953680458
30.149999618530	4.7446580208183
30.170000076294	4.7344486053686
30.190000534058	4.7257200489843
30.210000038147	4.7193408743188
30.229999542236	4.7142506402028
30.250000000000	4.7119298785991
30.289999961853	4.7142872370315
30.309999465942	4.7174427709372
30.329999923706	4.7221803862781
30.350000381470	4.7274709888682
30.369999885559	4.7331628040395
30.389999389648	4.7373201675394
30.409999847412	4.7407714637782
30.430000305176	4.7426233386877
30.449999809265	4.7429885665407
30.489999771118	4.7357726524670
30.510000228882	4.7290198238950
30.530000686646	4.7202037268939
30.550000190735	4.7100772396039
30.569999694824	4.6977307189511
30.590000152588	4.6850818171944
30.610000610352	4.6723465774800
30.630000114441	4.6607050047529
30.649999618530	4.6495513225009
30.670000076294	4.6409127700123
30.710000038147	4.6322143334185
30.729999542236	4.6317219743766
30.750000000000	4.6345498674044
30.770000457764	4.6398517042213
30.789999961853	4.6474606849590
30.809999465942	4.6553095437127
30.829999923706	4.6639291972617
30.850000381470	4.6720841663636
30.869999885559	4.6794881983175
30.889999389648	4.6841750991763
30.930000305176	4.6870672956285
30.949999809265	4.6846921722915
30.969999313354	4.6784440123296
30.989999771118	4.6697632443158
31.010000228882	4.6584782892291
31.030000686646	4.6450342853178
31.050000190735	4.6305039575085
31.069999694824	4.6143474199381
31.090000152588	4.5988291976113
31.130000114441	4.5727784250388
31.149999618530	4.5632540048811
31.170000076294	4.5578765125908
31.190000534058	4.5565605520722
31.210000038147	4.5597164377814
31.229999542236	4.5656522368174
31.250000000000	4.5749747207893
31.270000457764	4.5863258669713
31.289999961853	4.5991075440223
31.309999465942	4.6109542751916
31.350000381470	4.6315503662511
31.369999885559	4.6387572182344
31.389999389648	4.6419734485262
31.409999847412	4.6421803973878
31.430000305176	4.6387599904397
31.449999809265	4.6321660013554
31.469999313354	4.6212597924287
31.489999771118	4.6077506363574
31.510000228882	4.5917893045752
31.530000686646	4.5741785866164
31.569999694824	4.5381087424548
31.590000152588	4.5220444804066
31.610000610352	4.5088955392526
31.630000114441	4.5001189690659
31.649999618530	4.4951396669990
31.670000076294	4.4955438089478
31.690000534058	4.5007320858266
31.710000038147	4.5105307332489
31.729999542236	4.5226883761222
31.750000000000	4.5373360452829
31.789999961853	4.5682717658341
31.809999465942	4.5814296362958
31.829999923706	4.5926773969807
31.850000381470	4.6008874824189
31.869999885559	4.6060280595004
31.889999389648	4.6064806446840
31.909999847412	4.6034513723764
31.930000305176	4.5965701157905
31.949999809265	4.5865016803813
31.969999313354	4.5723698957704
32.010000228882	4.5380601131697
32.030000686646	4.5192657559274
32.050001144409	4.5008667477734
32.070001602173	4.4840809889931
32.090000152588	4.4709628151353
32.109998703003	4.4599838041599
32.129999160767	4.4544304819257
32.149999618530	4.4537958230845
32.170000076294	4.4579478588251
32.190000534058	4.4663487234424
32.230001449585	4.4921020396142
32.250000000000	4.5080324290721
32.269998550415	4.5221608193943
32.289999008179	4.5360592561140
32.309999465942	4.5480151343614
32.329999923706	4.5573907791455
32.350000381470	4.5637323397292
32.370000839233	4.5667757611203
32.390001296997	4.5664013000151
32.409999847412	4.5635416787119
32.449998855591	4.5459599682029
32.469999313354	4.5337515465277
32.489999771118	4.5196965010012
32.510000228882	4.5044866762132
32.530000686646	4.4889106023893
32.550001144409	4.4738183996176
32.570001602173	4.4600714082039
32.590000152588	4.4493129756906
32.609998703003	4.4396734772397
32.629999160767	4.4341490751396
32.670000076294	4.4334983316283
32.690000534058	4.4379956028990
32.710000991821	4.4450880664925
32.730001449585	4.4541039957911
32.750000000000	4.4651646830212
32.769998550415	4.4749811522701
32.789999008179	4.4854338012925
32.809999465942	4.4950869280423
32.829999923706	4.5034619053157
32.850000381470	4.5101997526767
32.870000839233	4.5150441973200
32.909999847412	4.5193945396199
32.929998397827	4.5171071376756
32.949998855591	4.5136493513920
32.969999313354	4.5082839920533
32.989999771118	4.5011986556085
33.010000228882	4.4926354925683
33.030000686646	4.4828865007213
33.050001144409	4.4722908764767
33.070001602173	4.4612480147062
33.090000152588	4.4510353038221
33.129999160767	4.4298611492236
33.149999618530	4.4215170923486
33.170000076294	4.4149483012151
33.190000534058	4.4104736592790
33.210000991821	4.4083294956635
33.230001449585	4.4085822219490
33.250000000000	4.4120297678745
33.269998550415	4.4159540535839
33.289999008179	4.4225527411145
33.309999465942	4.4305703699499
33.350000381470	4.4488722950642
33.370000839233	4.4581177609997
33.390001296997	4.4667577646335
33.409999847412	4.4751887311730
33.429998397827	4.4804696439016
33.449998855591	4.4848409392664
33.469999313354	4.4872063561661
33.489999771118	4.4874022463268
33.510000228882	4.4853433773763
33.530000686646	4.4810446532261
33.570001602173	4.4661865501927
33.590000152588	4.4569681310732
33.609998703003	4.4447841290656
33.629999160767	4.4326705287964
33.649999618530	4.4203605044429
33.670000076294	4.4084789507684
33.690000534058	4.3976790101805
33.710000991821	4.3885826508161
33.730001449585	4.3817183156135
33.750000000000	4.3783171644604
33.789999008179	4.3775252517747
33.809999465942	4.3816096778140
33.829999923706	4.3879434086041
33.850000381470	4.3960123794586
33.870000839233	4.4052213585657
33.890001296997	4.4149434120700
33.909999847412	4.4254199376239
33.929998397827	4.4335815538093
33.949998855591	4.4415093545211
33.969999313354	4.4479951379637
33.989999771118	4.4528003465903
34.030000686646	4.4567813259327
34.050001144409	4.4559140714708
34.070001602173	4.4532272061843
34.090000152588	4.4497173506883
34.109998703003	4.4430410032350
34.129999160767	4.4359925288737
34.149999618530	4.4280071346141
34.170000076294	4.4194014738267
34.190000534058	4.4105031764279
34.210000991821	4.4016529273820
34.250000000000	4.3862420250164
34.269998550415	4.3785979754531
34.289999008179	4.3729967753583
34.309999465942	4.3687926814460
34.329999923706	4.3660946439940
34.350000381470	4.3649641846395
34.370000839233	4.3653868498461
34.390001296997	4.3672940701790
34.409999847412	4.3713833766203
34.429998397827	4.3749815796956
34.449998855591	4.3803696307780
34.489999771118	4.3930086835904
34.510000228882	4.3997059067184
34.530000686646	4.4062973530461
34.550001144409	4.4125027547326
34.570001602173	4.4180610706978
34.590000152588	4.4235764830421
34.609998703003	4.4263062720832
34.629999160767	4.4285917492191
34.649999618530	4.4294527160038
34.670000076294	4.4287832728110
34.710000991821	4.4227069764576
34.730001449585	4.4173772340333
34.750000000000	4.4115137658212
34.769998550415	4.4028157735423
34.789999008179	4.3940838203839
34.809999465942	4.3848315457840
34.829999923706	4.3754698483522
34.850000381470	4.3664479208160
34.870000839233	4.3582319096542
34.890001296997	4.3512596325797
34.929998397827	4.3424985862110
34.949998855591	4.3411722926864
34.969999313354	4.3419693589650
34.989999771118	4.3447764729132
35.010000228882	4.3493540256655
35.030000686646	4.3553591538036
35.050001144409	4.3623764785843
35.070001602173	4.3699610768790
35.090000152588	4.3785048702581
35.109998703003	4.3850904171656
35.129999160767	4.3918684333900
35.170000076294	4.4024124625197
35.190000534058	4.4058111720907
35.210000991821	4.4078493063932
35.230001449585	4.4085050696809
35.250000000000	4.4086620267681
35.269998550415	4.4058863025521
35.289999008179	4.4028181562310
35.309999465942	4.3987654690438
35.329999923706	4.3938996745655
35.350000381470	4.3883845203232
35.390001296997	4.3761692619638
35.409999847412	4.3706570597158
35.429998397827	4.3635531478093
35.449998855591	4.3575285781654
35.469999313354	4.3519069155633
35.489999771118	4.3468423120521
35.510000228882	4.3424817063071
35.530000686646	4.3389586483519
35.550001144409	4.3363934398824
35.570001602173	4.3348879810286
35.590000152588	4.3353382564927
35.629999160767	4.3372669691717
35.649999618530	4.3403340257635
35.670000076294	4.3444138415814
35.690000534058	4.3493437583780
35.710000991821	4.3549235881281
35.730001449585	4.3609151186158
35.750000000000	4.3678848430525
35.769998550415	4.3730534383825
35.789999008179	4.3786346379537
35.809999465942	4.3835374784339
35.850000381470	4.3903534559248
35.870000839233	4.3919005915342
35.890001296997	4.3920527827568
35.909999847412	4.3915888576625
35.929998397827	4.3880119725805
35.949998855591	4.3839141472725
35.969999313354	4.3785964798867
35.989999771118	4.3722629527267
36.010000228882	4.3651767882343
36.030000686646	4.3576428154682
36.070001602173	4.3425879955226
36.090000152588	4.3365955016890
36.109998703003	4.3298420716327
36.129999160767	4.3250675462230
36.149999618530	4.3216286273235
36.170000076294	4.3196227283328
36.190000534058	4.3190548304120
36.210000991821	4.3198440030702
36.230001449585	4.3218400190967
36.250000000000	4.3256662069671
36.269998550415	4.3286009835762
36.309999465942	4.3374395707090
36.329999923706	4.3420565865205
36.350000381470	4.3465684824116
36.370000839233	4.3508131196989
36.390001296997	4.3546979853712
36.409999847412	4.3589745159193
36.429998397827	4.3610976847597
36.449998855591	4.3635335556284
36.469999313354	4.3654234782632
36.489999771118	4.3667439450647
36.530000686646	4.3675683106252
36.550001144409	4.3670123391580
36.570001602173	4.3657530540852
36.590000152588	4.3645919286302
36.609998703003	4.3610092332138
36.629999160767	4.3574994880071
36.649999618530	4.3532557627351
36.670000076294	4.3483411045427
36.690000534058	4.3428688800121
36.710000991821	4.3369911176763
36.730001449585	4.3309153751323
36.769998550415	4.3191863679665
36.789999008179	4.3140953093882
36.809999465942	4.3099028204997
36.829999923706	4.3068540954685
36.850000381470	4.3051377756561
36.870000839233	4.3048672597520
36.890001296997	4.3060631079753
36.909999847412	4.3094724927620
36.929998397827	4.3124582541829
36.949998855591	4.3172555012104
36.969999313354	4.3227294182830
37.010000228882	4.3344325041490
37.030000686646	4.3400151761969
37.050001144409	4.3450470068979
37.070001602173	4.3493046493810
37.090000152588	4.3534622026962
37.109998703003	4.3549270571611
37.129999160767	4.3561594819215
37.149999618530	4.3563428347501
37.170000076294	4.3555615328364
37.190000534058	4.3539040965227
37.230001449585	4.3485466235910
37.250000000000	4.3459698122943
37.269998550415	4.3414572418159
37.289999008179	4.3376082598920
37.309999465942	4.3337115067669
37.329999923706	4.3298417500218
37.350000381470	4.3260574168670
37.370000839233	4.3223939246604
37.390001296997	4.3188767080839
37.409999847412	4.3163564507894
37.429998397827	4.3123759299469
37.469999313354	4.3068392924584
37.489999771118	4.3046015441738
37.510000228882	4.3028434769574
37.530000686646	4.3016832690059
37.550001144409	4.3012335674850
37.570001602173	4.3015920130479
37.590000152588	4.3036541988978
37.609998703003	4.3049732709596
37.629999160767	4.3080019299235
37.649999618530	4.3118153522901
37.690000534058	4.3211888975976
37.710000991821	4.3263103874510
37.730001449585	4.3313813452382
37.750000000000	4.3369665135561
37.769998550415	4.3403182462104
37.789999008179	4.3436970039655
37.809999465942	4.3460871862195
37.829999923706	4.3473570966494
37.850000381470	4.3474372238485
37.870000839233	4.3463072910673
37.890001296997	4.3440342565209
37.929998397827	4.3365638101793
37.949998855591	4.3317615740245
37.969999313354	4.3265642829004
37.989999771118	4.3212358610766
38.010000228882	4.3160354756818
38.030000686646	4.3111994503494
38.050001144409	4.3069266380489
38.070001602173	4.3033530145078
38.090000152588	4.3013968913767
38.109998703003	4.2986053286396
38.149999618530	4.2968936008958
38.170000076294	4.2969633753638
38.190000534058	4.2974910714626
38.210000991821	4.2983637662572
38.230001449585	4.2994788802181
38.250000000000	4.3015933417586
38.269998550415	4.3022142328939
38.289999008179	4.3038044202469
38.309999465942	4.3055653987608
38.329999923706	4.3075391342143
38.350000381470	4.3097722191801
38.390001296997	4.3150852906060
38.409999847412	4.3189555891458
38.429998397827	4.3213543254863
38.449998855591	4.3246276791367
38.469999313354	4.3278046618839
38.489999771118	4.3307023775451
38.510000228882	4.3331276346273
38.530000686646	4.3348949271026
38.550001144409	4.3358265418364
38.570001602173	4.3357924057546
38.590000152588	4.3355319350693
38.629999160767	4.3293148672061
38.649999618530	4.3251563044086
38.670000076294	4.3202346546589
38.690000534058	4.3147810994193
38.710000991821	4.3090918469418
38.730001449585	4.3034619406143
38.750000000000	4.2990390601812
38.769998550415	4.2936510451218
38.789999008179	4.2900119243129
38.809999465942	4.2874759470089
38.850000381470	4.2859733636519
38.870000839233	4.2869086330369
38.890001296997	4.2887673018682
38.909999847412	4.2921466265349
38.929998397827	4.2943335817481
38.949998855591	4.2975456527372
38.969999313354	4.3007291086496
38.989999771118	4.3037080608035
39.010000228882	4.3063527583088
39.030000686646	4.3086076098342
39.050001144409	4.3104695353724
39.090000152588	4.3140575621274
39.109998703003	4.3143384315750
39.129999160767	4.3153815000076
39.149999618530	4.3164785079418
39.170000076294	4.3176608661120
39.190000534058	4.3189446853973
39.210000991821	4.3202879185956
39.230001449585	4.3216028246676
39.250000000000	4.3235727511107
39.269998550415	4.3235733202120
39.309999465942	4.3235686185653
39.329999923706	4.3224438247172
39.350000381470	4.3204325470080
39.370000839233	4.3175178963048
39.390001296997	4.3137389445196
39.409999847412	4.3100446826222
39.429998397827	4.3041663246045
39.449998855591	4.2988394817928
39.469999313354	4.2935523931090
39.489999771118	4.2886495805014
39.510000228882	4.2844687497271
39.550001144409	4.2793602072726
39.570001602173	4.2787917228713
39.590000152588	4.2804121162495
39.609998703003	4.2816840271191
39.629999160767	4.2848510078170
39.649999618530	4.2888188424811
39.670000076294	4.2932579980504
39.690000534058	4.2978324729651
39.710000991821	4.3022132856066
39.730001449585	4.3061370242047
39.750000000000	4.3102102612192
39.789999008179	4.3134840816068
39.809999465942	4.3143346363637
39.829999923706	4.3144942383968
39.850000381470	4.3141591158693
39.870000839233	4.3134995522503
39.890001296997	4.3127242157315
39.909999847412	4.3128332439292
39.929998397827	4.3114982072321
39.949998855591	4.3112676982586
39.969999313354	4.3113251011111
#Parameters = {D_0=150; D_1=160; D_2=170; D_3=180; D_4=190; D_5=200; D_6=210; R_0=4; R_horn=100; T=1; a=7.112; a_horn=21; b=3.556; b_horn=15.5; d=22.5756394418; d2=14.198361494191; delta=0.005; f=200; f2=350; h_back=8; h_back_2=20; h_back_back=20; h_horn=213.67261386413; h_horn2=43; l_la=650; l_plasma=200; n=1.9493588689618; ne0=218400000000; ne1=176000000000; ne2=168000000000; ne3=155000000000; ne4=134000000000; ne5=102000000000; ne6=29300000000; ve1=1500000000; xx=8.903025577672; y_move=0; yy=8.903025577672; z_move=20}
#"Frequency / GHz"	"29E9 [Real Part]"
#------------------------------------
20.030000686646	6.4480108455658
20.050000190735	6.4800179904461
20.069999694824	6.5527012418313
20.090000152588	6.6740226335147
20.110000610352	6.8500065931787
20.130000114441	7.0813366674483
20.170000076294	7.5738076753451
20.190000534058	7.6763264639108
20.210000038147	7.5961832141501
20.229999542236	7.3739267869957
20.250000000000	7.1069447698071
20.270000457764	6.8654995079546
20.309999465942	6.5441516928827
20.329999923706	6.4600875481153
20.350000381470	6.4187829713524
20.369999885559	6.4175288950739
20.389999389648	6.4548782349279
20.409999847412	6.5369734196622
20.430000305176	6.6710533018442
20.469999313354	7.1231522157575
20.489999771118	7.4158336660998
20.510000228882	7.6642379065236
20.530000686646	7.7533513087198
20.550000190735	7.6308267163553
20.569999694824	7.3640076506730
20.610000610352	6.8172225542634
20.630000114441	6.6286674217840
20.649999618530	6.4983774747249
20.670000076294	6.4192238670758
20.690000534058	6.3833523054810
20.710000038147	6.3880366759531
20.750000000000	6.5240692752627
20.770000457764	6.6720802991896
20.789999961853	6.8886740141935
20.809999465942	7.1745723142428
20.829999923706	7.4993220635990
20.850000381470	7.7625607750637
20.889999389648	7.6521300438323
20.909999847412	7.3397697135591
20.930000305176	7.0214724947378
20.949999809265	6.7637596561762
20.969999313354	6.5762630767309
20.989999771118	6.4519495019474
21.010000228882	6.3788091927222
21.050000190735	6.3600686526815
21.069999694824	6.4120369865971
21.090000152588	6.5137750842958
21.110000610352	6.6768708202882
21.130000114441	6.9164808810793
21.149999618530	7.2346565546804
21.190000534058	7.8656373640301
21.210000038147	7.8950782086491
21.229999542236	7.6580076085967
21.250000000000	7.3009007210470
21.270000457764	6.9645922814207
21.289999961853	6.7054521727347
21.329999923706	6.4056510579246
21.350000381470	6.3392693366640
21.369999885559	6.3165653401028
21.389999389648	6.3331657022219
21.409999847412	6.3938165495146
21.430000305176	6.5067872052652
21.449999809265	6.6877564481367
21.489999771118	7.3100659402588
21.510000228882	7.7058756796611
21.530000686646	7.9812444097001
21.550000190735	7.9567522777751
21.569999694824	7.6476513556964
21.610000610352	6.8976550331704
21.630000114441	6.6413603697333
21.649999618530	6.4667728570896
21.670000076294	6.3574396753157
21.690000534058	6.2984818951488
21.710000038147	6.2825974841521
21.729999542236	6.3061569702854
21.770000457764	6.5001128695770
21.789999961853	6.7001271908562
21.809999465942	6.9963798402430
21.829999923706	7.3981347903117
21.850000381470	7.8364063227560
21.869999885559	8.1076165172645
21.909999847412	7.6224605883209
21.930000305176	7.1816003874875
21.949999809265	6.8258884546921
21.969999313354	6.5745314470705
21.989999771118	6.4098684258191
22.010000228882	6.3093340323201
22.050000190735	6.2489995347496
22.069999694824	6.2795777483390
22.090000152588	6.3572229141948
22.110000610352	6.4948131233100
22.130000114441	6.7157291603767
22.149999618530	7.0470115340516
22.170000076294	7.4999513959583
22.210000038147	8.2348224473815
22.229999542236	8.0462486452621
22.250000000000	7.5765010244269
22.270000457764	7.1041761828827
22.289999961853	6.7482327264536
22.329999923706	6.3526223194166
22.350000381470	6.2612276659250
22.369999885559	6.2180416724796
22.389999389648	6.2144559483892
22.409999847412	6.2523790799414
22.430000305176	6.3385723422986
22.449999809265	6.4900231562906
22.489999771118	7.1057114240420
22.510000228882	7.6205848229199
22.530000686646	8.1546153824813
22.550000190735	8.3706943479831
22.569999694824	8.0677358118500
22.590000152588	7.5136831633180
22.630000114441	6.6663161870346
22.649999618530	6.4368313021585
22.670000076294	6.2942603130294
22.690000534058	6.2120750485446
22.710000038147	6.1761833779648
22.729999542236	6.1788110193864
22.770000457764	6.3173954312880
22.789999961853	6.4822900430064
22.809999465942	6.7502822896185
22.829999923706	7.1708795561526
22.850000381470	7.7615823624657
22.869999885559	8.3560794305139
22.909999847412	8.0723276659035
22.930000305176	7.4352482508195
22.949999809265	6.9235319712284
22.969999313354	6.5811635389432
22.989999771118	6.3661165828092
23.010000228882	6.2353107202037
23.030000686646	6.1621177328627
23.069999694824	6.1412825557165
23.090000152588	6.1910440329602
23.110000610352	6.2928412023039
23.130000114441	6.4707796148291
23.149999618530	6.7653637586157
23.170000076294	7.2406622222809
23.210000038147	8.5879015856597
23.229999542236	8.6588669199010
23.250000000000	8.0559797313154
23.270000457764	7.3423832824158
23.289999961853	6.8241221392165
23.309999465942	6.4956567728831
23.350000381470	6.1763385380062
23.369999885559	6.1121594405598
23.389999389648	6.0879577989237
23.409999847412	6.1013218506366
23.430000305176	6.1552648118223
23.449999809265	6.2632793534697
23.469999313354	6.4509123577519
23.510000228882	7.3052662701412
23.530000686646	8.0988230015086
23.550000190735	8.8477483462085
23.569999694824	8.8066596996496
23.590000152588	8.0257100348112
23.630000114441	6.7266749671850
23.649999618530	6.4136436589428
23.670000076294	6.2278440616656
23.690000534058	6.1193167069757
23.710000038147	6.0624339785317
23.729999542236	6.0430955949152
23.750000000000	6.0596758904504
23.789999961853	6.2275167908114
23.809999465942	6.4231563199638
23.829999923706	6.7661525876491
23.850000381470	7.3620276926467
23.869999885559	8.2900063958996
23.889999389648	9.1471126194199
23.930000305176	7.9823968824624
23.949999809265	7.1433838898341
23.969999313354	6.6300636971188
23.989999771118	6.3344184745418
24.010000228882	6.1626742194147
24.030000686646	6.0640318917646
24.069999694824	5.9981944854938
24.090000152588	6.0168242879182
24.110000610352	6.0741179712366
24.130000114441	6.1863204579041
24.149999618530	6.3858742146797
24.170000076294	6.7455894336808
24.190000534058	7.3999788000188
24.229999542236	9.4787828759103
24.250000000000	9.1185852888956
24.270000457764	7.9313984498852
24.289999961853	7.0440109255139
24.309999465942	6.5406090203695
24.350000381470	6.1026069796932
24.369999885559	6.0132333002320
24.389999389648	5.9670698123170
24.409999847412	5.9551113992380
24.430000305176	5.9746379043346
24.449999809265	6.0318035864254
24.469999313354	6.1411975038649
24.510000228882	6.7100132437568
24.530000686646	7.4144364692938
24.550000190735	8.6601039153232
24.569999694824	9.8410523621391
24.590000152588	9.2793968098457
24.630000114441	6.9495842453781
24.649999618530	6.4586462358985
24.670000076294	6.1953480143433
24.690000534058	6.0480896669644
24.710000038147	5.9662473290674
24.729999542236	5.9244982521067
24.750000000000	5.9144868866516
24.789999961853	5.9887162757097
24.809999465942	6.0937642670435
24.829999923706	6.2878255810514
24.850000381470	6.6550599607874
24.869999885559	7.3896323087515
24.889999389648	8.7913873360465
24.930000305176	9.4645553340602
24.949999809265	7.8381346503235
24.969999313354	6.8717350992476
24.989999771118	6.3906537583743
25.010000228882	6.1398774695813
25.030000686646	6.0018156899623
25.069999694824	5.8873521146174
25.090000152588	5.8784197189580
25.110000610352	5.8967844683489
25.130000114441	5.9484506742079
25.149999618530	6.0475082945389
25.170000076294	6.2322802740064
25.190000534058	6.5888079191819
25.229999542236	8.8661549394840
25.250000000000	10.593076265439
25.270000457764	9.6758391959192
25.289999961853	7.8162867764732
25.309999465942	6.8098015390616
25.350000381470	6.0943268943759
25.369999885559	5.9642424018468
25.389999389648	5.8918575454122
25.409999847412	5.8564525696824
25.430000305176	5.8481601289873
25.449999809265	5.8658291126038
25.469999313354	5.9128261476098
25.489999771118	6.0056677879299
25.530000686646	6.5161767704845
25.550000190735	7.2384908443969
25.569999694824	8.8389692190382
25.590000152588	10.896927725257
25.610000610352	9.9299900778384
25.649999618530	6.7787570186893
25.670000076294	6.3009197358203
25.690000534058	6.0643548012747
25.710000038147	5.9383044909195
25.729999542236	5.8686639794923
25.750000000000	5.8346941625725
25.770000457764	5.8265484734090
25.809999465942	5.8867412481563
25.829999923706	5.9734293412448
25.850000381470	6.1350282102560
25.869999885559	6.4519252179409
25.889999389648	7.1362226891565
25.909999847412	8.7290403616003
25.949999809265	10.204653754339
25.969999313354	7.9061599724828
25.989999771118	6.7795238773010
26.010000228882	6.2886641921589
26.030000686646	6.0506165441682
26.050000190735	5.9253160925428
26.090000152588	5.8230098933757
26.110000610352	5.8146441858891
26.130000114441	5.8298804889346
26.149999618530	5.8711073987260
26.170000076294	5.9526591746504
26.190000534058	6.1039816427486
26.210000038147	6.3988972367957
26.250000000000	8.5320929987143
26.270000457764	11.014364765227
26.289999961853	10.488495899855
26.309999465942	8.0536104318994
26.329999923706	6.8310375759258
26.369999885559	6.0598119769532
26.389999389648	5.9288632373544
26.409999847412	5.8586238613459
26.430000305176	5.8240158295116
26.449999809265	5.8154198988152
26.469999313354	5.8286247706421
26.489999771118	5.8688657193355
26.530000686646	6.0919388635082
26.550000190735	6.3702993236698
26.569999694824	6.9579631958220
26.590000152588	8.3296773316774
26.610000610352	10.760521230793
26.649999618530	8.2468137792198
26.670000076294	6.9247349421410
26.690000534058	6.3576017023234
26.710000038147	6.0898551810856
26.729999542236	5.9499527936534
26.750000000000	5.8752130064453
26.770000457764	5.8382702056943
26.809999465942	5.8411037412186
26.829999923706	5.8808706475862
26.850000381470	5.9582535926443
26.869999885559	6.0997215478716
26.889999389648	6.3643879230051
26.909999847412	6.9083237445455
26.930000305176	8.1218265266547
26.969999313354	10.671369054479
26.989999771118	8.4913501960306
27.010000228882	7.0800219071016
27.030000686646	6.4494705259136
27.050000190735	6.1502263088305
27.090000152588	5.9109215980160
27.110000610352	5.8694381627483
27.130000114441	5.8575305101900
27.149999618530	5.8696002422512
27.170000076294	5.9099340370692
27.190000534058	5.9884110959263
27.210000038147	6.1300355498319
27.229999542236	6.3885333250472
27.270000457764	7.9619103257371
27.289999961853	9.7946743007928
27.309999465942	10.417680599692
27.329999923706	8.6853042660304
27.369999885559	6.5763766586808
27.389999389648	6.2380479309485
27.409999847412	6.0614824704241
27.430000305176	5.9663659864010
27.449999809265	5.9190585362104
27.469999313354	5.9030683450301
27.489999771118	5.9151498306659
27.510000228882	5.9567492810164
27.550000190735	6.1812237465552
27.569999694824	6.4348809036752
27.590000152588	6.9082146376651
27.610000610352	7.8133486696953
27.630000114441	9.2483280016740
27.670000076294	8.7822567598354
27.690000534058	7.4803880142031
27.710000038147	6.7458141826746
27.729999542236	6.3643339614679
27.750000000000	6.1603012282315
27.770000457764	6.0489464742772
27.789999961853	5.9926243535622
27.829999923706	5.9839469460978
27.850000381470	6.0278641901142
27.869999885559	6.1139416129103
27.889999389648	6.2614550901068
27.909999847412	6.5149729627844
27.930000305176	6.9571204079991
27.969999313354	8.7803348056031
27.989999771118	9.3480464050887
28.010000228882	8.6606893377917
28.030000686646	7.6218945144261
28.050000190735	6.9158736242684
28.069999694824	6.5117319249706
28.110000610352	6.1577939944597
28.130000114441	6.0922836610046
28.149999618530	6.0679988799665
28.170000076294	6.0794288973659
28.190000534058	6.1265132197943
28.210000038147	6.2178998098268
28.229999542236	6.3698829472874
28.270000457764	7.0147328907697
28.289999961853	7.6157876544604
28.309999465942	8.3355502729581
28.329999923706	8.7210592809562
28.350000381470	8.3725304590387
28.389999389648	7.0714507721367
28.409999847412	6.6815197682759
28.430000305176	6.4445012154509
28.449999809265	6.3068114940889
28.469999313354	6.2330735041610
28.489999771118	6.2072706506043
28.510000228882	6.2212477686356
28.550000190735	6.3752365834405
28.569999694824	6.5343417415598
28.590000152588	6.7751522800743
28.610000610352	7.1190115013641
28.630000114441	7.5583911560521
28.649999618530	7.9805544355064
28.690000534058	7.9513904151377
28.710000038147	7.5347671456017
28.729999542236	7.1262926752494
28.750000000000	6.8200710165814
28.770000457764	6.6164387788812
28.789999961853	6.4937157376510
28.829999923706	6.4160373449271
28.850000381470	6.4443026762102
28.869999885559	6.5151902679877
28.889999389648	6.6297666970588
28.909999847412	6.7939292462228
28.930000305176	7.0064558652112
28.969999313354	7.4782509752284
28.989999771118	7.6138404945190
29.010000228882	7.5991076483138
29.030000686646	7.4474248013938
29.050000190735	7.2307290448000
29.069999694824	7.0156811816673
29.110000610352	6.7103853532830
29.130000114441	6.6242150851189
29.149999618530	6.5715397209579
29.170000076294	6.5464461102652
29.190000534058	6.5412229250683
29.210000038147	6.5499659937156
29.229999542236	6.5644913088600
29.270000457764	6.5913468480043
29.289999961853	6.5928804439997
29.309999465942	6.5799994809688
29.329999923706	6.5536733626861
29.350000381470	6.5146165259500
29.369999885559	6.4664595781375
29.409999847412	6.3541439032618
29.430000305176	6.2979124883005
29.449999809265	6.2451768830473
29.469999313354	6.1954233963379
29.489999771118	6.1510318923265
29.510000228882	6.1114853682334
29.530000686646	6.0765369890897
29.550000190735	6.0463220632724
29.590000152588	5.9943772356040
29.610000610352	5.9726215364494
29.630000114441	5.9532839902765
29.649999618530	5.9341285833491
29.670000076294	5.9163756692115
29.690000534058	5.8990257170611
29.710000038147	5.8822728474412
29.750000000000	5.8460341666673
29.770000457764	5.8272497587073
29.789999961853	5.8082241078360
29.809999465942	5.7872339575647
29.829999923706	5.7659470705286
29.850000381470	5.7438525521626
29.869999885559	5.7215818229005
29.889999389648	5.6975973661783
29.930000305176	5.6494225324903
29.949999809265	5.6255048712804
29.969999313354	5.6004669855870
29.989999771118	5.5760656351007
30.010000228882	5.5518953306739
30.030000686646	5.5280906640157
30.050000190735	5.5052912457835
30.069999694824	5.4820293285839
30.110000610352	5.4386783520883
30.130000114441	5.4187344179297
30.149999618530	5.3986423878356
30.170000076294	5.3799916220199
30.190000534058	5.3622899448772
30.210000038147	5.3460539923124
30.229999542236	5.3297511647965
30.250000000000	5.3148748918658
30.289999961853	5.2882383782797
30.309999465942	5.2753506562664
30.329999923706	5.2636640361813
30.350000381470	5.2525982393903
30.369999885559	5.2425695871511
30.389999389648	5.2319952416664
30.409999847412	5.2222978173102
30.430000305176	5.2128973798857
30.469999313354	5.1947341208904
30.489999771118	5.1858521593883
30.510000228882	5.1770456002382
30.530000686646	5.1682804977610
30.550000190735	5.1600193977736
30.569999694824	5.1507693605551
30.590000152588	5.1419942898511
30.610000610352	5.1331927638922
30.630000114441	5.1248565925671
30.670000076294	5.1066172774482
30.690000534058	5.0976933830703
30.710000038147	5.0892283195776
30.729999542236	5.0797663833328
30.750000000000	5.0707653634807
30.770000457764	5.0617443798141
30.789999961853	5.0531961477772
30.809999465942	5.0436799138456
30.829999923706	5.0346702888525
30.869999885559	5.0172753484425
30.889999389648	5.0080074190773
30.909999847412	4.9993684919170
30.930000305176	4.9909309163769
30.949999809265	4.9832223654172
30.969999313354	4.9748687631698
30.989999771118	4.9673489113579
31.010000228882	4.9602323245733
31.030000686646	4.9535520973228
31.069999694824	4.9415698208524
31.090000152588	4.9362578669531
31.110000610352	4.9313671471414
31.130000114441	4.9273009716863
31.149999618530	4.9225864634717
31.170000076294	4.9185401086992
31.190000534058	4.9145964127212
31.210000038147	4.9111083664955
31.229999542236	4.9065788973922
31.270000457764	4.8977020464246
31.289999961853	4.8932017091995
31.309999465942	4.8873364766680
31.329999923706	4.8814896789597
31.350000381470	4.8752011769864
31.369999885559	4.8689818488298
31.389999389648	4.8615151484028
31.409999847412	4.8543129164718
31.430000305176	4.8470385802498
31.469999313354	4.8329601336489
31.489999771118	4.8265000378375
31.510000228882	4.8206539188867
31.530000686646	4.8155510308850
31.550000190735	4.8117532059045
31.569999694824	4.8079318751041
31.590000152588	4.8054546007526
31.610000610352	4.8037990142877
31.630000114441	4.8032923130995
31.649999618530	4.8023998418223
31.690000534058	4.8022174133207
31.710000038147	4.8024457369807
31.729999542236	4.8013463014942
31.750000000000	4.8000701623226
31.770000457764	4.7979700240335
31.789999961853	4.7953624225064
31.809999465942	4.7907864785026
31.829999923706	4.7855956584353
31.850000381470	4.7793652383518
31.889999389648	4.7643250997072
31.909999847412	4.7559387266481
31.930000305176	4.7473604263629
31.949999809265	4.7393753183477
31.969999313354	4.7309900340745
31.989999771118	4.7239013973807
32.010000228882	4.7179646127697
32.030000686646	4.7134242482843
32.050001144409	4.7104154833800
32.070001602173	4.7089789432016
32.109998703003	4.7103732273892
32.129999160767	4.7127051615097
32.149999618530	4.7156614896951
32.170000076294	4.7188193901925
32.190000534058	4.7217553228866
32.210000991821	4.7240475756509
32.230001449585	4.7253195425246
32.250000000000	4.7261574654427
32.269998550415	4.7236211611381
32.309999465942	4.7151176839403
32.329999923706	4.7082657620660
32.350000381470	4.6998804056333
32.370000839233	4.6902448684187
32.390001296997	4.6797624102318
32.409999847412	4.6698172954962
32.429998397827	4.6583103505797
32.449998855591	4.6485086580151
32.469999313354	4.6401238498893
32.489999771118	4.6336691638460
32.530000686646	4.6279554415408
32.550001144409	4.6289325823192
32.570001602173	4.6322769969956
32.590000152588	4.6384820932251
32.609998703003	4.6443465138080
32.629999160767	4.6518878638532
32.649999618530	4.6595231748871
32.670000076294	4.6665817343954
32.690000534058	4.6724335390151
32.710000991821	4.6765261499696
32.750000000000	4.6787336176307
32.769998550415	4.6745746244642
32.789999008179	4.6686066399343
32.809999465942	4.6600580432470
32.829999923706	4.6492114099924
32.850000381470	4.6365333262181
32.870000839233	4.6226415127989
32.890001296997	4.6083144112118
32.909999847412	4.5953096512277
32.929998397827	4.5819461512385
32.969999313354	4.5646617596764
32.989999771118	4.5611875397134
33.010000228882	4.5615811767486
33.030000686646	4.5657546611241
33.050001144409	4.5732511589184
33.070001602173	4.5833564962963
33.090000152588	4.5960354183156
33.109998703003	4.6076503075802
33.129999160767	4.6198292405777
33.149999618530	4.6307657161788
33.190000534058	4.6458341526304
33.210000991821	4.6488200327157
33.230001449585	4.6482997068873
33.250000000000	4.6450001908224
33.269998550415	4.6363007228640
33.289999008179	4.6250758406802
33.309999465942	4.6108583400385
33.329999923706	4.5942915829862
33.350000381470	4.5762233348305
33.390001296997	4.5400177918394
33.409999847412	4.5252371081947
33.429998397827	4.5120261546016
33.449998855591	4.5039926400929
33.469999313354	4.5009171507866
33.489999771118	4.5030115458690
33.510000228882	4.5099711422321
33.530000686646	4.5210494606007
33.550001144409	4.5351662387839
33.570001602173	4.5510448738446
33.609998703003	4.5829087563382
33.629999160767	4.5965749122547
33.649999618530	4.6074984959872
33.670000076294	4.6150082287670
33.690000534058	4.6186500939145
33.710000991821	4.6181623980416
33.730001449585	4.6134696408183
33.750000000000	4.6055650890315
33.769998550415	4.5921133525880
33.789999008179	4.5762673462447
33.829999923706	4.5379075233941
33.850000381470	4.5175350839994
33.870000839233	4.4980699972756
33.890001296997	4.4809170366533
33.909999847412	4.4682184004686
33.929998397827	4.4584779873311
33.949998855591	4.4549111277573
33.969999313354	4.4568228102131
33.989999771118	4.4638423220071
34.010000228882	4.4751435525296
34.050001144409	4.5057611705642
34.070001602173	4.5224181912379
34.090000152588	4.5391455812554
34.109998703003	4.5523386919211
34.129999160767	4.5637546059606
34.149999618530	4.5719554679545
34.170000076294	4.5765658470329
34.190000534058	4.5774121623592
34.210000991821	4.5744945585506
34.230001449585	4.5679775669836
34.269998550415	4.5455820874133
34.289999008179	4.5308077384323
34.309999465942	4.5146139785516
34.329999923706	4.4978952101092
34.350000381470	4.4816135679976
34.370000839233	4.4667489043862
34.390001296997	4.4542136231175
34.409999847412	4.4456133494201
34.429998397827	4.4389182312419
34.449998855591	4.4368900089978
34.469999313354	4.4385748094880
34.510000228882	4.4512619182982
34.530000686646	4.4608484081774
34.550001144409	4.4715183168917
34.570001602173	4.4824547674022
34.590000152588	4.4938107557926
34.609998703003	4.5024226859378
34.629999160767	4.5104137919956
34.649999618530	4.5166285276012
34.670000076294	4.5208823639313
34.690000534058	4.5231137986750
34.730001449585	4.5216817449014
34.750000000000	4.5191338845473
34.769998550415	4.5133145695945
34.789999008179	4.5070380067575
34.809999465942	4.4996828391572
34.829999923706	4.4915125582255
34.850000381470	4.4827939160916
34.870000839233	4.4737987227043
34.890001296997	4.4648106122816
34.909999847412	4.4569527238554
34.949998855591	4.4406598639490
34.969999313354	4.4344700840295
34.989999771118	4.4296367957663
35.010000228882	4.4263721846416
35.030000686646	4.4248482164427
35.050001144409	4.4251599391179
35.070001602173	4.4273291039065
35.090000152588	4.4321309785206
35.109998703003	4.4368595297848
35.129999160767	4.4437981492071
35.170000076294	4.4603385421328
35.190000534058	4.4690918908237
35.210000991821	4.4775571298091
35.230001449585	4.4852846119734
35.250000000000	4.4926874275260
35.269998550415	4.4968110111965
35.289999008179	4.4998918768267
35.309999465942	4.5008173261775
35.329999923706	4.4994011582619
35.350000381470	4.4955628793155
35.390001296997	4.4808364801091
35.409999847412	4.4712041132457
35.429998397827	4.4582868721701
35.449998855591	4.4451867868560
35.469999313354	4.4317206441739
35.489999771118	4.4186545579468
35.510000228882	4.4068018209210
35.530000686646	4.3969517232440
35.550001144409	4.3897952736775
35.570001602173	4.3858398931957
35.590000152588	4.3861707060510
35.629999160767	4.3943181191228
35.649999618530	4.4029503064136
35.670000076294	4.4134438584382
35.690000534058	4.4249897804255
35.710000991821	4.4367680414644
35.730001449585	4.4480185870221
35.750000000000	4.4589309084386
35.769998550415	4.4664316342256
35.789999008179	4.4726840412809
35.809999465942	4.4765971671144
35.850000381470	4.4771142369231
35.870000839233	4.4738718968833
35.890001296997	4.4685682029461
35.909999847412	4.4623730576421
35.929998397827	4.4531214557632
35.949998855591	4.4438029082342
35.969999313354	4.4340400018774
35.989999771118	4.4243000153299
36.010000228882	4.4150316609382
36.030000686646	4.4066398422496
36.070001602173	4.3936222316019
36.090000152588	4.3901769909991
36.109998703003	4.3865999216485
36.129999160767	4.3853324800908
36.149999618530	4.3853861425245
36.170000076294	4.3865895972344
36.190000534058	4.3887410831830
36.210000991821	4.3916526798380
36.230001449585	4.3951509342524
36.250000000000	4.3999371102533
36.289999008179	4.4079037511795
36.309999465942	4.4125909912761
36.329999923706	4.4173692756722
36.350000381470	4.4221318248124
36.370000839233	4.4267686634543
36.390001296997	4.4311315686570
36.409999847412	4.4358918939769
36.429998397827	4.4383109206167
36.449998855591	4.4407107362964
36.469999313354	4.4420310985246
36.489999771118	4.4420611849020
36.530000686646	4.4376132668454
36.550001144409	4.4329491950724
36.570001602173	4.4266657382917
36.590000152588	4.4197286914322
36.609998703003	4.4098517703244
36.629999160767	4.3999133463631
36.649999618530	4.3895353299461
36.670000076294	4.3792728395440
36.690000534058	4.3697413614866
36.710000991821	4.3615632401532
36.750000000000	4.3523090329388
36.769998550415	4.3503289663954
36.789999008179	4.3519659135394
36.809999465942	4.3562465324253
36.829999923706	4.3628257863467
36.850000381470	4.3711908626958
36.870000839233	4.3807142282698
36.890001296997	4.3907212761748
36.909999847412	4.4013878269085
36.929998397827	4.4096028696582
36.949998855591	4.4173697030504
36.989999771118	4.4276438522679
37.010000228882	4.4297579716493
37.030000686646	4.4298077103483
37.050001144409	4.4278858216186
37.070001602173	4.4242019089308
37.090000152588	4.4198736148925
37.109998703003	4.4127213188168
37.129999160767	4.4056536690380
37.149999618530	4.3982409637503
37.170000076294	4.3908514827919
37.210000991821	4.3775109061912
37.230001449585	4.3720352412074
37.250000000000	4.3683678541474
37.269998550415	4.3640214052172
37.289999008179	4.3614403442186
37.309999465942	4.3596727229184
37.329999923706	4.3585703141919
37.350000381470	4.3579862631993
37.370000839233	4.3578078615709
37.390001296997	4.3579397198439
37.429998397827	4.3591172115434
37.449998855591	4.3602700805592
37.469999313354	4.3619247734637
37.489999771118	4.3641944898637
37.510000228882	4.3671587169394
37.530000686646	4.3708578816552
37.550001144409	4.3752615137298
37.570001602173	4.3802626336101
37.590000152588	4.3865147621437
37.609998703003	4.3912401362278
37.629999160767	4.3966323465268
37.670000076294	4.4055144816812
37.690000534058	4.4083097421071
37.710000991821	4.4095926139680
37.730001449585	4.4091451212027
37.750000000000	4.4076625027617
37.769998550415	4.4025891249933
37.789999008179	4.3965262807757
37.809999465942	4.3888460614920
37.829999923706	4.3798732301931
37.850000381470	4.3700601174353
37.890001296997	4.3501878227805
37.909999847412	4.3422126133557
37.929998397827	4.3341379286830
37.949998855591	4.3289487688550
37.969999313354	4.3261473336359
37.989999771118	4.3258726086525
38.010000228882	4.3280407071987
38.030000686646	4.3323843748699
38.050001144409	4.3384410015940
38.070001602173	4.3456610647001
38.090000152588	4.3542776222581
38.129999160767	4.3684430383871
38.149999618530	4.3747266063600
38.170000076294	4.3797662042151
38.190000534058	4.3834094104113
38.210000991821	4.3856211482209
38.230001449585	4.3864850269358
38.250000000000	4.3870072209143
38.269998550415	4.3849263574790
38.289999008179	4.3830336922003
38.309999465942	4.3807745431430
38.350000381470	4.3761413165419
38.370000839233	4.3741085097421
38.390001296997	4.3723594358613
38.409999847412	4.3716814253782
38.429998397827	4.3694494700696
38.449998855591	4.3679830250673
38.469999313354	4.3662378623786
38.489999771118	4.3640023306569
38.510000228882	4.3610977325839
38.530000686646	4.3574269534703
38.550001144409	4.3529654420671
38.590000152588	4.3430376053024
38.609998703003	4.3364528539913
38.629999160767	4.3309804979834
38.649999618530	4.3262634019983
38.670000076294	4.3227716279114
38.690000534058	4.3209419139902
38.710000991821	4.3210810646355
38.730001449585	4.3233463478229
38.750000000000	4.3285307142769
38.769998550415	4.3339381806368
38.809999465942	4.3503179516147
38.829999923706	4.3593336130940
38.850000381470	4.3680866909573
38.870000839233	4.3759670256837
38.890001296997	4.3824853988919
38.909999847412	4.3880553800978
38.929998397827	4.3898906748980
38.949998855591	4.3903641211237
38.969999313354	4.3886451429474
38.989999771118	4.3848764581054
39.010000228882	4.3793369358643
39.050001144409	4.3646272987613
39.070001602173	4.3564835299181
39.090000152588	4.3493896655194
39.109998703003	4.3413775162588
39.129999160767	4.3353843271085
39.149999618530	4.3308793913550
39.170000076294	4.3280129422686
39.190000534058	4.3267577721539
39.210000991821	4.3269168438854
39.230001449585	4.3281734108596
39.269998550415	4.3323303612248
39.289999008179	4.3343923706177
39.309999465942	4.3359931299864
39.329999923706	4.3369113000776
39.350000381470	4.3370815565452
39.370000839233	4.3365628857267
39.390001296997	4.3355483786252
39.409999847412	4.3351696364040
39.429998397827	4.3333069116173
39.449998855591	4.3328171785315
39.469999313354	4.3332371300977
39.510000228882	4.3376699246177
39.530000686646	4.3417873902750
39.550001144409	4.3469826710422
39.570001602173	4.3529197709152
39.590000152588	4.3599818489248
39.609998703003	4.3651599560656
39.629999160767	4.3704130388771
39.649999618530	4.3744047092530
39.670000076294	4.3766996277100
39.690000534058	4.3769727193858
39.730001449585	4.3708304155955
39.750000000000	4.3653458829276
39.769998550415	4.3563846623595
39.789999008179	4.3469067151563
39.809999465942	4.3367049267232
39.829999923706	4.3264952039003
39.850000381470	4.3170471127336
39.870000839233	4.3091005204971
39.890001296997	4.3032827540734
39.909999847412	4.3008447275113
39.929998397827	4.2995228146905
39.969999313354	4.3061471403006
39.989999771118	4.3123612568558
#Parameters = {D_0=150; D_1=160; D_2=170; D_3=180; D_4=190; D_5=200; D_6=210; R_0=4; R_horn=100; T=1; a=7.112; a_horn=21; b=3.556; b_horn=15.5; d=22.5756394418; d2=14.198361494191; delta=0.005; f=200; f2=350; h_back=8; h_back_2=20; h_back_back=20; h_horn=213.67261386413; h_horn2=43; l_la=650; l_plasma=200; n=1.9493588689618; ne0=218400000000; ne1=176000000000; ne2=168000000000; ne3=155000000000; ne4=134000000000; ne5=102000000000; ne6=29300000000; ve1=1500000000; xx=8.903025577672; y_move=0; yy=8.903025577672; z_move=20}
#"Frequency / GHz"	"30.4E9 [Real Part]"
#--------------------------------------
20.010000228882	4.9337844388919
20.030000686646	4.8733199373375
20.050000190735	4.7609432880160
20.069999694824	4.5612666026337
20.090000152588	4.2038318328588
20.110000610352	3.5457865945171
20.130000114441	2.4251343443016
20.149999618530	1.3226342786012
20.170000076294	1.6701804137644
20.190000534058	2.9295248543547
20.210000038147	3.8525835117799
20.229999542236	4.3613097211562
20.250000000000	4.6376161950572
20.289999961853	4.8743426186346
20.309999465942	4.9113817803531
20.329999923706	4.9136014691201
20.350000381470	4.8817691968027
20.369999885559	4.8093055144668
20.389999389648	4.6763220719180
20.409999847412	4.4451716949993
20.430000305176	4.0374677388240
20.449999809265	3.3209796794263
20.469999313354	2.2488845942878
20.489999771118	1.5135579883329
20.510000228882	2.0861635599987
20.550000190735	3.9466515409849
20.569999694824	4.3860867689206
20.590000152588	4.6329178288597
20.610000610352	4.7722630595454
20.630000114441	4.8476870405964
20.649999618530	4.8783069002687
20.670000076294	4.8735844455228
20.690000534058	4.8325672569130
20.710000038147	4.7466302556478
20.729999542236	4.5927702335489
20.770000457764	3.8727637913963
20.789999961853	3.1157866860352
20.809999465942	2.1420595816256
20.829999923706	1.7342764427216
20.850000381470	2.4236332139341
20.869999885559	3.3735326146339
20.889999389648	4.0275602756135
20.909999847412	4.4110078145484
20.930000305176	4.6314933735489
20.949999809265	4.7576170938144
20.969999313354	4.8234220003112
20.989999771118	4.8471846187061
21.030000686646	4.7829063577122
21.050000190735	4.6816931833541
21.069999694824	4.5045249216880
21.090000152588	4.2048485701944
21.110000610352	3.7017698521651
21.130000114441	2.9252319030129
21.149999618530	2.0963175593188
21.170000076294	1.9778173736561
21.190000534058	2.7171388706548
21.210000038147	3.5435880110988
21.229999542236	4.1026419245777
21.250000000000	4.4371068771425
21.289999961853	4.7453404086988
21.309999465942	4.8018652096876
21.329999923706	4.8175672716738
21.350000381470	4.7959124102968
21.369999885559	4.7332065881015
21.389999389648	4.6143874469473
21.409999847412	4.4126101089294
21.430000305176	4.0763609011635
21.449999809265	3.5320861594708
21.469999313354	2.7633071728910
21.489999771118	2.1114324361997
21.510000228882	2.2238265994474
21.550000190735	3.6862847907471
21.569999694824	4.1682959432420
21.590000152588	4.4612221040607
21.610000610352	4.6348593874305
21.630000114441	4.7339862264867
21.649999618530	4.7809892629185
21.670000076294	4.7880172072181
21.690000534058	4.7565718449293
21.710000038147	4.6810013982469
21.729999542236	4.5438071540729
21.770000457764	3.9418737401220
21.789999961853	3.3649916692872
21.809999465942	2.6366280824091
21.829999923706	2.1803022054808
21.850000381470	2.4658503029833
21.869999885559	3.1799562800461
21.889999389648	3.8082611935132
21.909999847412	4.2262220823121
21.930000305176	4.4831372045884
21.949999809265	4.6368923810969
21.969999313354	4.7223151596923
21.989999771118	4.7600361461558
22.030000686646	4.7157816645523
22.050000190735	4.6262143827669
22.069999694824	4.4692660484068
22.090000152588	4.2124980562986
22.110000610352	3.8047524172207
22.130000114441	3.2104284098328
22.149999618530	2.5565883328389
22.170000076294	2.2952038829691
22.190000534058	2.6952957817824
22.210000038147	3.3624125142973
22.229999542236	3.9110663084035
22.250000000000	4.2750506453480
22.270000457764	4.5008877854708
22.309999465942	4.7093389977131
22.329999923706	4.7370757113495
22.350000381470	4.7248703450633
22.369999885559	4.6712523124816
22.389999389648	4.5646965290739
22.409999847412	4.3854172149211
22.430000305176	4.0972629636942
22.449999809265	3.6551902706692
22.469999313354	3.0570539337196
22.489999771118	2.5092252607532
22.510000228882	2.4392899255348
22.550000190735	3.5303807814386
22.569999694824	4.0077608471306
22.590000152588	4.3232522434065
22.610000610352	4.5199489817232
22.630000114441	4.6371991977138
22.649999618530	4.6976564730457
22.670000076294	4.7148901851358
22.690000534058	4.6921377853746
22.710000038147	4.6261151962741
22.729999542236	4.5034843180878
22.750000000000	4.3028039259825
22.789999961853	3.5277746925062
22.809999465942	2.9597261388776
22.829999923706	2.5397783674894
22.850000381470	2.6130489906488
22.869999885559	3.1089030782032
22.889999389648	3.6593306598367
22.909999847412	4.0773227833021
22.930000305176	4.3545103954627
22.949999809265	4.5287125983142
22.969999313354	4.6305275672884
22.989999771118	4.6807950794071
23.010000228882	4.6886558484621
23.050000190735	4.5777767372862
23.069999694824	4.4393094718567
23.090000152588	4.2181806685102
23.110000610352	3.8818231117187
23.130000114441	3.4136327933182
23.149999618530	2.8953014575210
23.170000076294	2.6034516562736
23.190000534058	2.7818493991371
23.210000038147	3.2726759553815
23.229999542236	3.7663897221925
23.250000000000	4.1347955887445
23.270000457764	4.3799621699571
23.309999465942	4.6231984597144
23.329999923706	4.6635924186826
23.350000381470	4.6624821851941
23.369999885559	4.6205472415429
23.389999389648	4.5297980635524
23.409999847412	4.3769132633894
23.430000305176	4.1378961451937
23.449999809265	3.7862157597047
23.469999313354	3.3234753104785
23.489999771118	2.8688972809077
23.510000228882	2.6907154907152
23.530000686646	2.9359712762419
23.569999694824	3.8510493047797
23.590000152588	4.1792567809978
23.610000610352	4.3984523258372
23.630000114441	4.5365239536327
23.649999618530	4.6141772424048
23.670000076294	4.6458408789137
23.690000534058	4.6365920541658
23.710000038147	4.5858102138415
23.729999542236	4.4844895665791
23.750000000000	4.3187856777475
23.789999961853	3.7069250437380
23.809999465942	3.2631060833198
23.829999923706	2.8774662956968
23.850000381470	2.7905011156949
23.869999885559	3.0715650796244
23.889999389648	3.5142135180080
23.909999847412	3.9162939469214
23.930000305176	4.2121935089956
23.949999809265	4.4110836923992
23.969999313354	4.5350877218852
23.989999771118	4.6040089076694
24.010000228882	4.6283067364021
24.050000190735	4.5534982979803
24.069999694824	4.4429781460842
24.090000152588	4.2664976353633
24.110000610352	4.0033542302824
24.130000114441	3.6421305424848
24.149999618530	3.2222014715789
24.170000076294	2.8997789722398
24.190000534058	2.8818068902746
24.210000038147	3.1818484584318
24.229999542236	3.5990365577702
24.250000000000	3.9676285833973
24.270000457764	4.2382772726049
24.309999465942	4.5339581008930
24.329999923706	4.5952561004840
24.350000381470	4.6133271440526
24.369999885559	4.5915213708153
24.389999389648	4.5256297974937
24.409999847412	4.4080712178170
24.430000305176	4.2233935974498
24.449999809265	3.9541528504987
24.469999313354	3.5950522967376
24.489999771118	3.2015656529821
24.510000228882	2.9326261868708
24.530000686646	2.9626629570315
24.569999694824	3.6636247413365
24.590000152588	4.0060910431035
24.610000610352	4.2575351775274
24.630000114441	4.4274241003412
24.649999618530	4.5324515751076
24.670000076294	4.5878520785637
24.690000534058	4.6010599540761
24.710000038147	4.5745719695902
24.729999542236	4.5036134773870
24.750000000000	4.3803383967082
24.770000457764	4.1897584568374
24.809999465942	3.5627231781826
24.829999923706	3.1929332530234
24.850000381470	2.9655887957723
24.869999885559	3.0283726147929
24.889999389648	3.3357333871939
24.909999847412	3.7122022849057
24.930000305176	4.0353396421676
24.949999809265	4.2731083804401
24.969999313354	4.4329611005091
24.989999771118	4.5323339775700
25.010000228882	4.5833777560105
25.030000686646	4.5929982779716
25.069999694824	4.4883380955862
25.090000152588	4.3608027825845
25.110000610352	4.1658017313706
25.130000114441	3.8900577185773
25.149999618530	3.5395716094885
25.170000076294	3.1866891919468
25.190000534058	2.9882657198856
25.210000038147	3.0733266409776
25.229999542236	3.3823120324681
25.250000000000	3.7475387041125
25.270000457764	4.0582030570777
25.289999961853	4.2866190473581
25.329999923706	4.5354554968204
25.350000381470	4.5835651687858
25.369999885559	4.5912886032696
25.389999389648	4.5583107715566
25.409999847412	4.4817618034000
25.430000305176	4.3516857596056
25.449999809265	4.1544173475076
25.469999313354	3.8761027647699
25.489999771118	3.5277104909523
25.510000228882	3.1839362580358
25.530000686646	3.0013021483103
25.569999694824	3.4095043370246
25.590000152588	3.7694903586224
25.610000610352	4.0739631129785
25.630000114441	4.2976428242676
25.649999618530	4.4480848897690
25.670000076294	4.5412679849363
25.690000534058	4.5880163265651
25.710000038147	4.5947266170227
25.729999542236	4.5608341624350
25.750000000000	4.4832453557602
25.770000457764	4.3517276329093
25.809999465942	3.8709937440810
25.829999923706	3.5193090527612
25.850000381470	3.1744265182365
25.869999885559	2.9963649299335
25.889999389648	3.1016495514652
25.909999847412	3.4193367447860
25.930000305176	3.7820390901743
25.949999809265	4.0870944280622
25.969999313354	4.3093411479142
25.989999771118	4.4595485112815
26.010000228882	4.5523265995137
26.030000686646	4.5989224320443
26.069999694824	4.5719331707487
26.090000152588	4.4943287673544
26.110000610352	4.3621925310092
26.130000114441	4.1606245532544
26.149999618530	3.8739308372354
26.170000076294	3.5118381642816
26.190000534058	3.1529496809967
26.210000038147	2.9665185616367
26.229999542236	3.0778857385469
26.250000000000	3.4102809901771
26.270000457764	3.7855733163201
26.289999961853	4.0979307413771
26.329999923706	4.4757173411799
26.350000381470	4.5695347050341
26.369999885559	4.6174596257767
26.389999389648	4.6243031174060
26.409999847412	4.5920493124119
26.430000305176	4.5154300354155
26.449999809265	4.3840172091950
26.469999313354	4.1797978971660
26.489999771118	3.8864482284572
26.510000228882	3.5076551883914
26.530000686646	3.1221809577028
26.569999694824	3.0293473120544
26.590000152588	3.3845986690993
26.610000610352	3.7821290964709
26.630000114441	4.1084235283487
26.649999618530	4.3416368324090
26.670000076294	4.4974694329223
26.690000534058	4.5936322934004
26.710000038147	4.6434073686641
26.729999542236	4.6520719245988
26.750000000000	4.6217842337169
26.770000457764	4.5470446301919
26.809999465942	4.2101570311103
26.829999923706	3.9063740834300
26.850000381470	3.5008146863213
26.869999885559	3.0702831699953
26.889999389648	2.8231978572282
26.909999847412	2.9442495189612
26.930000305176	3.3392930417615
26.949999809265	3.7746922514528
26.969999313354	4.1226072935982
26.989999771118	4.3673658256502
27.010000228882	4.5286309092570
27.030000686646	4.6278563098001
27.069999694824	4.6911068081403
27.090000152588	4.6636408016266
27.110000610352	4.5919716497935
27.130000114441	4.4638960481515
27.149999618530	4.2562426121732
27.170000076294	3.9405077349539
27.190000534058	3.4987700996697
27.210000038147	2.9992816623632
27.229999542236	2.6866996845344
27.250000000000	2.8129569013219
27.270000457764	3.2701514754035
27.289999961853	3.7624913654377
27.329999923706	4.4020804827594
27.350000381470	4.5700664089916
27.369999885559	4.6732728549312
27.389999389648	4.7272211330298
27.409999847412	4.7417623849326
27.430000305176	4.7180313825360
27.449999809265	4.6512772202286
27.469999313354	4.5266342367855
27.489999771118	4.3202908176539
27.510000228882	3.9927932174698
27.550000190735	2.9072318288705
27.569999694824	2.4888400550188
27.590000152588	2.6214999666223
27.610000610352	3.1771645370211
27.630000114441	3.7527776738256
27.649999618530	4.1746782664982
27.670000076294	4.4515816837996
27.690000534058	4.6263308779362
27.710000038147	4.7327623073005
27.729999542236	4.7894278951005
27.750000000000	4.8075120794922
27.770000457764	4.7887967479118
27.809999465942	4.6117288636729
27.829999923706	4.4106379369213
27.850000381470	4.0743495041974
27.869999885559	3.5329420968643
27.889999389648	2.7825575636081
27.909999847412	2.1750629775468
27.930000305176	2.3180313427753
27.949999809265	3.0497401208211
27.969999313354	3.7539119538425
27.989999771118	4.2303020185418
28.010000228882	4.5247105109764
28.030000686646	4.7040645289635
28.069999694824	4.8701690098880
28.090000152588	4.8917838731061
28.110000610352	4.8792655242227
28.130000114441	4.8286458319888
28.149999618530	4.7243967180175
28.170000076294	4.5371312832423
28.190000534058	4.2040482421810
28.210000038147	3.6108798208115
28.229999542236	2.6446839251972
28.250000000000	1.6797437821663
28.270000457764	1.8332138628728
28.289999961853	2.8926598450113
28.329999923706	4.3260328021082
28.350000381470	4.6314879253055
28.369999885559	4.8098412936220
28.389999389648	4.9140705219963
28.409999847412	4.9725095668161
28.430000305176	4.9972646291823
28.449999809265	4.9927071247175
28.469999313354	4.9540636663998
28.489999771118	4.8699728087340
28.530000686646	4.4034927360415
28.550000190735	3.7869118369949
28.569999694824	2.5310698719994
28.590000152588	0.81579812566236
28.610000610352	1.0081468086999
28.630000114441	2.7681156568212
28.649999618530	3.9279300428510
28.670000076294	4.4995992669506
28.690000534058	4.7929863179737
28.710000038147	4.9559162964505
28.729999542236	5.0498395614033
28.750000000000	5.1042534592036
28.770000457764	5.1313956775486
28.809999465942	5.1160937640403
28.829999923706	5.0631566334392
28.850000381470	4.9533882484675
28.869999885559	4.7257652846271
28.889999389648	4.1952171173939
28.909999847412	2.7119617652363
28.930000305176	-0.94205528796944
28.949999809265	-0.64003749025211
28.969999313354	2.9144552158618
28.989999771118	4.2910934815762
29.010000228882	4.8001280397851
29.030000686646	5.0318815682616
29.069999694824	5.2268727295301
29.090000152588	5.2714882618589
29.110000610352	5.2992240978395
29.130000114441	5.3152466479733
29.149999618530	5.3192207447318
29.170000076294	5.3104587963957
29.190000534058	5.2803555172615
29.210000038147	5.2053713430696
29.229999542236	4.9982992333473
29.289999961853	-3.7615000214879
29.309999465942	4.3112512384518
29.350000381470	5.2747879332187
29.369999885559	5.3667646260177
29.389999389648	5.4180264344545
29.409999847412	5.4535992856448
29.430000305176	5.4824692469683
29.449999809265	5.5102502638411
29.469999313354	5.5392928913071
29.489999771118	5.5757778675456
29.530000686646	5.7085429527364
29.550000190735	5.8632423745311
29.569999694824	6.2313684248313
29.590000152588	7.5691220021956
29.649999618530	7.1686336828430
29.670000076294	6.1863557200697
29.690000534058	5.9041822077025
29.710000038147	5.7962035945622
29.729999542236	5.7517681970061
29.750000000000	5.7398629517728
29.770000457764	5.7486836271491
29.809999465942	5.8223647009825
29.829999923706	5.8973555699731
29.850000381470	6.0173492890566
29.869999885559	6.2190157310168
29.889999389648	6.5816165404117
29.909999847412	7.2956894640303
29.949999809265	10.302964330154
29.969999313354	9.7017516134733
29.989999771118	7.9955586397284
30.010000228882	6.9816729457909
30.030000686646	6.4953876567564
30.050000190735	6.2575166689150
30.090000152588	6.0900311009702
30.110000610352	6.0856658900479
30.130000114441	6.1190989605407
30.149999618530	6.1894547613554
30.170000076294	6.3069850059607
30.190000534058	6.4883679635282
30.210000038147	6.7617864617698
30.250000000000	7.6752522649284
30.270000457764	8.1743585787698
30.289999961853	8.3449734440616
30.309999465942	8.0520636685302
30.329999923706	7.5562158236316
30.369999885559	6.8203744319949
30.389999389648	6.6337132353688
30.409999847412	6.5311995845260
30.430000305176	6.4885839619029
30.449999809265	6.4916557001358
30.469999313354	6.5293990086615
30.489999771118	6.5970884960611
30.530000686646	6.7899163957016
30.550000190735	6.8907831233109
30.569999694824	6.9683532153316
30.590000152588	7.0056074893761
30.610000610352	6.9914668238207
30.630000114441	6.9301267871178
30.670000076294	6.7258585344643
30.690000534058	6.6183602085274
30.710000038147	6.5221502895362
30.729999542236	6.4394011565957
30.750000000000	6.3725535068161
30.770000457764	6.3197381222778
30.789999961853	6.2795460774128
30.829999923706	6.2247064155492
30.850000381470	6.2071601312112
30.869999885559	6.1941609196198
30.889999389648	6.1823704917878
30.909999847412	6.1721964203124
30.930000305176	6.1618963904761
30.949999809265	6.1511383607230
30.989999771118	6.1222708342356
31.010000228882	6.1047179182008
31.030000686646	6.0848526423774
31.050000190735	6.0634533317084
31.069999694824	6.0391057386753
31.090000152588	6.0139407732615
31.110000610352	5.9877884303733
31.149999618530	5.9340831131457
31.170000076294	5.9071626614172
31.190000534058	5.8805249742375
31.210000038147	5.8548675302282
31.229999542236	5.8286093976445
31.250000000000	5.8034599216786
31.270000457764	5.7788457030661
31.289999961853	5.7552808570844
31.329999923706	5.7077028403725
31.350000381470	5.6846251152730
31.369999885559	5.6622561293720
31.389999389648	5.6389076124294
31.409999847412	5.6161368014469
31.430000305176	5.5933643426266
31.449999809265	5.5711135334118
31.489999771118	5.5250798908018
31.510000228882	5.5025019812216
31.530000686646	5.4801892668122
31.550000190735	5.4588095159211
31.569999694824	5.4369737999302
31.590000152588	5.4164285009886
31.610000610352	5.3968359982269
31.630000114441	5.3788980647193
31.649999618530	5.3612034308274
31.690000534058	5.3310822799660
31.710000038147	5.3187051570856
31.729999542236	5.3067163113236
31.750000000000	5.2965243345302
31.770000457764	5.2874589897321
31.789999961853	5.2798268044912
31.809999465942	5.2718862720504
31.829999923706	5.2649091334030
31.869999885559	5.2518674085287
31.889999389648	5.2443529455011
31.909999847412	5.2369130007289
31.930000305176	5.2288939699674
31.949999809265	5.2206703932214
31.969999313354	5.2106642909498
31.989999771118	5.2003336223348
32.010000228882	5.1891678716877
32.030000686646	5.1772200944139
32.070001602173	5.1513533407688
32.090000152588	5.1387131044593
32.109998703003	5.1239197685528
32.129999160767	5.1101459655555
32.149999618530	5.0966717135763
32.170000076294	5.0837589570211
32.190000534058	5.0716752556507
32.210000991821	5.0606438858013
32.250000000000	5.0434104639343
32.269998550415	5.0354835451991
32.289999008179	5.0299475808873
32.309999465942	5.0257413556019
32.329999923706	5.0226997052634
32.350000381470	5.0205912772617
32.370000839233	5.0191439440189
32.390001296997	5.0180555929574
32.409999847412	5.0179607793302
32.449998855591	5.0138496685865
32.469999313354	5.0112199474349
32.489999771118	5.0076147477278
32.510000228882	5.0028902724111
32.530000686646	4.9969688861748
32.550001144409	4.9898314248239
32.570001602173	4.9815179818815
32.590000152588	4.9731137337937
32.609998703003	4.9619237026244
32.649999618530	4.9398140521706
32.670000076294	4.9285575596400
32.690000534058	4.9176181340749
32.710000991821	4.9073486365762
32.730001449585	4.8980606764194
32.750000000000	4.8909606017842
32.769998550415	4.8834424424068
32.789999008179	4.8784043638506
32.809999465942	4.8749083775238
32.829999923706	4.8728486204912
32.870000839233	4.8721327578510
32.890001296997	4.8728531424271
32.909999847412	4.8747339551119
32.929998397827	4.8746244187449
32.949998855591	4.8749503933484
32.969999313354	4.8744695223846
32.989999771118	4.8729252580606
33.010000228882	4.8701247360742
33.030000686646	4.8659472487044
33.070001602173	4.8534183133584
33.090000152588	4.8461723998594
33.109998703003	4.8360538805716
33.129999160767	4.8261560402861
33.149999618530	4.8158907204301
33.170000076294	4.8056756020965
33.190000534058	4.7959433010333
33.210000991821	4.7871200637437
33.230001449585	4.7795880451337
33.269998550415	4.7695509961729
33.289999008179	4.7673217975633
33.309999465942	4.7668997908603
33.329999923706	4.7681033729324
33.350000381470	4.7706007829790
33.370000839233	4.7739870938167
33.390001296997	4.7778035441122
33.409999847412	4.7824816952030
33.429998397827	4.7848172765029
33.449998855591	4.7871326077178
33.489999771118	4.7875993343438
33.510000228882	4.7852959539680
33.530000686646	4.7811629743760
33.550001144409	4.7752313752218
33.570001602173	4.7676312332130
33.590000152588	4.7595235247256
33.609998703003	4.7485408579324
33.629999160767	4.7378569258599
33.649999618530	4.7270933380722
33.690000534058	4.7076033634720
33.710000991821	4.6999809087338
33.730001449585	4.6943878150007
33.750000000000	4.6919798624012
33.769998550415	4.6901977114640
33.789999008179	4.6916230892633
33.809999465942	4.6950820611135
33.829999923706	4.7001326621459
33.850000381470	4.7062192765392
33.870000839233	4.7127191586169
33.909999847412	4.7253666556649
33.929998397827	4.7285575842553
33.949998855591	4.7308569889954
33.969999313354	4.7310143443071
33.989999771118	4.7288209106620
34.010000228882	4.7241923952554
34.030000686646	4.7171831133964
34.050001144409	4.7079910148805
34.070001602173	4.6969517056989
34.109998703003	4.6714156102633
34.129999160767	4.6582603730157
34.149999618530	4.6458718619571
34.170000076294	4.6350415657299
34.190000534058	4.6264930482330
34.210000991821	4.6207931849838
34.230001449585	4.6182889076782
34.250000000000	4.6199377707424
34.269998550415	4.6228946530140
34.289999008179	4.6293380706917
34.329999923706	4.6472225502011
34.350000381470	4.6570118378902
34.370000839233	4.6662443344312
34.390001296997	4.6741647481776
34.409999847412	4.6810087792374
34.429998397827	4.6835866721676
34.449998855591	4.6842054537481
34.469999313354	4.6817580596775
34.489999771118	4.6761849420844
34.510000228882	4.6675983340922
34.550001144409	4.6426850098378
34.570001602173	4.6274611836337
34.590000152588	4.6123249477704
34.609998703003	4.5955851940575
34.629999160767	4.5809364311764
34.649999618530	4.5685414340168
34.670000076294	4.5593340666675
34.690000534058	4.5540154722596
34.710000991821	4.5529661076003
34.730001449585	4.5561808529996
34.769998550415	4.5734745864059
34.789999008179	4.5858733121436
34.809999465942	4.5993670967936
34.829999923706	4.6128606116964
34.850000381470	4.6253382574656
34.870000839233	4.6359071720446
34.890001296997	4.6438513448692
34.909999847412	4.6495093984138
34.929998397827	4.6498580367259
34.949998855591	4.6473694451370
34.989999771118	4.6313365026455
35.010000228882	4.6183125104486
35.030000686646	4.6026324073268
35.050001144409	4.5850658232453
35.070001602173	4.5665940893309
35.090000152588	4.5492305062176
35.109998703003	4.5316271384415
35.129999160767	4.5176342491165
35.149999618530	4.5074841588527
35.170000076294	4.5019916580612
35.210000991821	4.5061176445608
35.230001449585	4.5151321070489
35.250000000000	4.5285482325811
35.269998550415	4.5426105512297
35.289999008179	4.5586409950279
35.309999465942	4.5745341298341
35.329999923706	4.5891733329299
35.350000381470	4.6016171885723
35.370000839233	4.6111374561676
35.390001296997	4.6172069941399
35.429998397827	4.6178418964652
35.449998855591	4.6122797856809
35.469999313354	4.6030004212117
35.489999771118	4.5903764588133
35.510000228882	4.5749671186837
35.530000686646	4.5575236082346
35.550001144409	4.5389847683684
35.570001602173	4.5204511313281
35.590000152588	4.5039710236246
35.629999160767	4.4767207862265
35.649999618530	4.4695757293582
35.670000076294	4.4672079858803
35.690000534058	4.4696514363551
35.710000991821	4.4765027669418
35.730001449585	4.4869967420798
35.750000000000	4.5009652262527
35.769998550415	4.5146931736235
35.789999008179	4.5296055829383
35.809999465942	4.5438110503838
35.829999923706	4.5564273079569
35.870000839233	4.5743067525386
35.890001296997	4.5787556122080
35.909999847412	4.5808363036321
35.929998397827	4.5779171668285
35.949998855591	4.5727572852923
35.969999313354	4.5647446751152
35.989999771118	4.5542641598003
36.010000228882	4.5418090215856
36.030000686646	4.5279893941173
36.050001144409	4.5134969665775
36.090000152588	4.4863948132076
36.109998703003	4.4736069621794
36.129999160767	4.4639347883966
36.149999618530	4.4570303093994
36.170000076294	4.4531943285663
36.190000534058	4.4524966017662
36.210000991821	4.4547825050247
36.230001449585	4.4596910302658
36.250000000000	4.4675671998935
36.269998550415	4.4752426265453
36.309999465942	4.4942941614483
36.329999923706	4.5036355385551
36.350000381470	4.5121926369451
36.370000839233	4.5195771471038
36.390001296997	4.5255010729579
36.409999847412	4.5306224984653
36.429998397827	4.5322207461816
36.449998855591	4.5328309218667
36.469999313354	4.5315795268726
36.489999771118	4.5285246947706
36.530000686646	4.5174033732704
36.550001144409	4.5096655458120
36.570001602173	4.5007738990725
36.590000152588	4.4918667178488
36.609998703003	4.4807141792857
36.629999160767	4.4702683536805
36.649999618530	4.4601002940437
36.670000076294	4.4506583884379
36.690000534058	4.4423972747684
36.710000991821	4.4357492928074
36.750000000000	4.4294948744860
36.769998550415	4.4286127134443
36.789999008179	4.4309780239747
36.809999465942	4.4355864677539
36.829999923706	4.4421553101366
36.850000381470	4.4502746349440
36.870000839233	4.4594518834854
36.890001296997	4.4691469563236
36.909999847412	4.4796599131231
36.929998397827	4.4878887657262
36.969999313354	4.5024448142299
36.989999771118	4.5071413613019
37.010000228882	4.5097227877725
37.030000686646	4.5100183117069
37.050001144409	4.5079356683554
37.070001602173	4.5034828330222
37.090000152588	4.4976289434637
37.109998703003	4.4880200332257
37.129999160767	4.4775500510970
37.149999618530	4.4658176241307
37.190000534058	4.4407941171296
37.210000991821	4.4288273254240
37.230001449585	4.4181510242366
37.250000000000	4.4102495069047
37.269998550415	4.4031432892338
37.289999008179	4.3997264689065
37.309999465942	4.3993200158460
37.329999923706	4.4018545299892
37.350000381470	4.4070522220928
37.370000839233	4.4144446313126
37.390001296997	4.4234330989778
37.429998397827	4.4435898262039
37.449998855591	4.4534772195333
37.469999313354	4.4624933392579
37.489999771118	4.4702097967477
37.510000228882	4.4763001682648
37.530000686646	4.4805473471988
37.550001144409	4.4828428056089
37.570001602173	4.4831615201734
37.590000152588	4.4824384459628
37.609998703003	4.4782237575514
37.649999618530	4.4670168931037
37.670000076294	4.4597074035283
37.690000534058	4.4516597440721
37.710000991821	4.4432059597310
37.730001449585	4.4346836267570
37.750000000000	4.4272572285878
37.769998550415	4.4186944337246
37.789999008179	4.4118026761493
37.809999465942	4.4059520128137
37.829999923706	4.4013306351488
37.870000839233	4.3961773631129
37.890001296997	4.3957261299106
37.909999847412	4.3975052293697
37.929998397827	4.3989026351398
37.949998855591	4.4023247253261
37.969999313354	4.4067732012360
37.989999771118	4.4120642440362
38.010000228882	4.4179872842318
38.030000686646	4.4243209170667
38.050001144409	4.4308126033074
38.090000152588	4.4441157583637
38.109998703003	4.4487254752376
38.129999160767	4.4533334235621
38.149999618530	4.4568714239462
38.170000076294	4.4591380335992
38.190000534058	4.4599643390228
38.210000991821	4.4592253431281
38.230001449585	4.4568617308781
38.250000000000	4.4536892040625
38.269998550415	4.4472439514515
38.289999008179	4.4402048884575
38.329999923706	4.4227732810530
38.350000381470	4.4130926174157
38.370000839233	4.4033488665477
38.390001296997	4.3940559648979
38.409999847412	4.3865714043742
38.429998397827	4.3788675763368
38.449998855591	4.3738792151383
38.469999313354	4.3710729626808
38.489999771118	4.3705982737982
38.510000228882	4.3724477506560
38.550001144409	4.3822551080428
38.570001602173	4.3894604302223
38.590000152588	4.3983897064103
38.609998703003	4.4060043136578
38.629999160767	4.4143221820123
38.649999618530	4.4220507772280
38.670000076294	4.4288098615056
38.690000534058	4.4343152864886
38.710000991821	4.4383601995563
38.730001449585	4.4408345279049
38.769998550415	4.4410624879348
38.789999008179	4.4389639364211
38.809999465942	4.4355984446630
38.829999923706	4.4311616025872
38.850000381470	4.4258778776421
38.870000839233	4.4199974125577
38.890001296997	4.4137539228793
38.909999847412	4.4082212235598
38.929998397827	4.4010874781639
38.949998855591	4.3950503903449
38.969999313354	4.3894307161572
39.010000228882	4.3798732286771
39.030000686646	4.3760973061912
39.050001144409	4.3730726586538
39.070001602173	4.3708397333487
39.090000152588	4.3702735222094
39.109998703003	4.3689082406851
39.129999160767	4.3692781953587
39.149999618530	4.3705706083771
39.170000076294	4.3727863318218
39.190000534058	4.3759114728689
39.230001449585	4.3845812844921
39.250000000000	4.3907191548220
39.269998550415	4.3955851203870
39.289999008179	4.4014552885427
39.309999465942	4.4072346035283
39.329999923706	4.4126458968731
39.350000381470	4.4174063511213
39.370000839233	4.4212477044020
39.390001296997	4.4239284164585
39.409999847412	4.4260944725264
39.429998397827	4.4250685137992
39.469999313354	4.4199277381493
39.489999771118	4.4150320930134
39.510000228882	4.4087637896933
39.530000686646	4.4013744942815
39.550001144409	4.3931745048119
39.570001602173	4.3845586553696
39.590000152588	4.3767993689737
39.609998703003	4.3678553860135
39.629999160767	4.3606839471376
39.649999618530	4.3548521151675
39.690000534058	4.3483559325529
39.710000991821	4.3479541087219
39.730001449585	4.3494029137394
39.750000000000	4.3533312835794
39.769998550415	4.3569382481310
39.789999008179	4.3623471128062
39.809999465942	4.3683290317645
39.829999923706	4.3744882761743
39.850000381470	4.3804714631988
39.870000839233	4.3859825230952
39.909999847412	4.3956234476655
39.929998397827	4.3978587582675
39.949998855591	4.4000229544411
39.969999313354	4.4013227579150
39.989999771118	4.4018416901145
