#Parameters = {D_0=150; D_1=160; D_2=170; D_3=180; D_4=190; D_5=200; D_6=210; R_0=4; R_horn=100; T=1; a=7.112; a_horn=21; b=3.556; b_horn=15.5; d=22.5756394418; d2=14.198361494191; delta=0.005; f=200; f2=350; h_back=8; h_back_2=20; h_back_back=20; h_horn=213.67261386413; h_horn2=43; l_la=650; l_plasma=200; n=1.9493588689618; ne0=218400000000; ne1=176000000000; ne2=168000000000; ne3=155000000000; ne4=134000000000; ne5=102000000000; ne6=29300000000; ve1=1500000000; xx=8.903025577672; y_move=0; yy=8.903025577672; z_move=20}
#"Frequency / GHz"	"28.98E9_1.5E9 [Real Part]"
#---------------------------------------------
20.030000686646	6.4761748017027
20.050000190735	6.5371740254142
20.069999694824	6.6424982842690
20.090000152588	6.8004652165181
20.110000610352	7.0128275289211
20.130000114441	7.2657454909223
20.170000076294	7.6496372912378
20.190000534058	7.6218482987916
20.210000038147	7.4380008028134
20.229999542236	7.1811136866054
20.250000000000	6.9331777553521
20.270000457764	6.7319808677583
20.309999465942	6.4889587019082
20.329999923706	6.4364713771103
20.350000381470	6.4238394806983
20.369999885559	6.4510505829332
20.389999389648	6.5193820869552
20.409999847412	6.6373691782528
20.430000305176	6.8129207467625
20.469999313354	7.3316116354953
20.489999771118	7.5950247322350
20.510000228882	7.7325330767155
20.530000686646	7.6672868241933
20.550000190735	7.4367553812680
20.590000152588	6.8849661115853
20.610000610352	6.6812135908377
20.630000114441	6.5382265265037
20.649999618530	6.4462486094922
20.670000076294	6.3995035404308
20.690000534058	6.3931079155077
20.710000038147	6.4275175983725
20.750000000000	6.6363358436942
20.770000457764	6.8313881413505
20.789999961853	7.0966506238621
20.809999465942	7.4094555994322
20.829999923706	7.6927405917292
20.850000381470	7.8150571802810
20.889999389648	7.4191753059761
20.909999847412	7.1011288474420
20.930000305176	6.8294245429186
20.949999809265	6.6275503396681
20.969999313354	6.4886413451393
20.989999771118	6.4036577214535
21.030000686646	6.3636973932396
21.050000190735	6.4057324806140
21.069999694824	6.4932482578522
21.090000152588	6.6386560634883
21.110000610352	6.8550663585896
21.130000114441	7.1506639438223
21.149999618530	7.4975082032684
21.190000534058	7.8930660299130
21.210000038147	7.7205041980085
21.229999542236	7.3870652263740
21.250000000000	7.0450867497637
21.270000457764	6.7691732954574
21.309999465942	6.4399227226512
21.329999923706	6.3621833144053
21.350000381470	6.3288923917637
21.369999885559	6.3368822256195
21.389999389648	6.3859003362315
21.409999847412	6.4849637972024
21.430000305176	6.6466422755296
21.469999313354	7.2189452772889
21.489999771118	7.6051318185701
21.510000228882	7.9167909264400
21.530000686646	7.9688392548213
21.550000190735	7.7228853982770
21.569999694824	7.3374407271537
21.610000610352	6.7018971881361
21.630000114441	6.5121499200138
21.649999618530	6.3890254635250
21.670000076294	6.3193854368440
21.690000534058	6.2935060356903
21.710000038147	6.3088687630143
21.729999542236	6.3664303756787
21.770000457764	6.6567558067667
21.789999961853	6.9275081896709
21.809999465942	7.2996731484539
21.829999923706	7.7299276724713
21.850000381470	8.0481075616031
21.889999389648	7.7087652118694
21.909999847412	7.2749524176972
21.930000305176	6.9021634414712
21.949999809265	6.6326652141471
21.969999313354	6.4512831696958
21.989999771118	6.3383121794733
22.010000228882	6.2770511234262
22.050000190735	6.2814436489339
22.069999694824	6.3477789075939
22.090000152588	6.4708547761273
22.110000610352	6.6701368328818
22.130000114441	6.9733147894369
22.149999618530	7.3936892501895
22.190000534058	8.1847810502229
22.210000038147	8.0939843771682
22.229999542236	7.6728953141569
22.250000000000	7.1978954473558
22.270000457764	6.8208617512049
22.289999961853	6.5606242752227
22.329999923706	6.2876724928093
22.350000381470	6.2347424799939
22.369999885559	6.2241733445192
22.389999389648	6.2529669396465
22.409999847412	6.3286113096540
22.430000305176	6.4645698332503
22.449999809265	6.6862176434091
22.489999771118	7.5051397049369
22.510000228882	8.0386975901974
22.530000686646	8.3340235259357
22.550000190735	8.1356511593525
22.569999694824	7.6186935854135
22.610000610352	6.7347304090638
22.630000114441	6.4866796110135
22.649999618530	6.3290406142731
22.670000076294	6.2362992304941
22.690000534058	6.1915073641787
22.710000038147	6.1878336988860
22.729999542236	6.2234412314439
22.770000457764	6.4566986598736
22.789999961853	6.7020248836829
22.809999465942	7.0854659111288
22.829999923706	7.6354709162580
22.850000381470	8.2340925852376
22.869999885559	8.4938538244397
22.909999847412	7.5455250169140
22.930000305176	7.0122703253002
22.949999809265	6.6459737455606
22.969999313354	6.4112102779394
22.989999771118	6.2671170230803
23.010000228882	6.1844190128760
23.050000190735	6.1499693901588
23.069999694824	6.1917210356781
23.090000152588	6.2836528359393
23.110000610352	6.4457518214737
23.130000114441	6.7161786003018
23.149999618530	7.1497467989879
23.170000076294	7.7856386263795
23.210000038147	8.6588194069249
23.229999542236	8.1604604678338
23.250000000000	7.4549161466513
23.270000457764	6.9082489358368
23.289999961853	6.5552675000214
23.329999923706	6.2053492527633
23.350000381470	6.1321251635499
23.369999885559	6.1024996019250
23.389999389648	6.1092631124166
23.409999847412	6.1564457609222
23.430000305176	6.2545496308604
23.449999809265	6.4283534624987
23.489999771118	7.2096136502534
23.510000228882	7.9473875151297
23.530000686646	8.7156928477085
23.550000190735	8.8292710556978
23.569999694824	8.1465715640452
23.590000152588	7.3571864132495
23.630000114441	6.4681456309706
23.649999618530	6.2651148729803
23.670000076294	6.1458118803102
23.690000534058	6.0809211695870
23.710000038147	6.0570048931391
23.729999542236	6.0677737174935
23.750000000000	6.1182557456495
23.789999961853	6.4030179601655
23.809999465942	6.7183450977731
23.829999923706	7.2635536953608
23.850000381470	8.1238620204178
23.869999885559	9.0109426361023
23.909999847412	8.1158196963718
23.930000305176	7.2521880841414
23.949999809265	6.7040348249330
23.969999313354	6.3832208134226
23.989999771118	6.1964069594575
24.010000228882	6.0882774365469
24.030000686646	6.0308729100895
24.069999694824	6.0253793934355
24.090000152588	6.0776310672061
24.110000610352	6.1818683807836
24.130000114441	6.3695218128525
24.149999618530	6.7022510874455
24.170000076294	7.3023978989662
24.210000038147	9.3342596850881
24.229999542236	9.1852787302725
24.250000000000	8.0717058142016
24.270000457764	7.1473572315314
24.289999961853	6.6081160352192
24.309999465942	6.3054828012200
24.350000381470	6.0348961022402
24.369999885559	5.9843793296597
24.389999389648	5.9677567723887
24.409999847412	5.9836474810463
24.430000305176	6.0360949384007
24.449999809265	6.1404681013406
24.469999313354	6.3281723019392
24.510000228882	7.3207710634549
24.530000686646	8.4698557017386
24.550000190735	9.6861331013349
24.569999694824	9.3663881019991
24.590000152588	8.0198803187629
24.630000114441	6.5200897818731
24.649999618530	6.2350633889048
24.670000076294	6.0758047423057
24.690000534058	5.9861720219254
24.710000038147	5.9408678532545
24.729999542236	5.9268960493203
24.750000000000	5.9433262290250
24.789999961853	6.0957750285872
24.809999465942	6.2799064472377
24.829999923706	6.6256023894662
24.850000381470	7.3053131482882
24.869999885559	8.5996259294634
24.889999389648	10.046271645930
24.930000305176	7.9802499276557
24.949999809265	6.9629070320329
24.969999313354	6.4455515132124
24.989999771118	6.1756102591391
25.010000228882	6.0269579691553
25.030000686646	5.9441707250101
25.069999694824	5.8905782834511
25.090000152588	5.9067066586691
25.110000610352	5.9554433666797
25.130000114441	6.0521493737844
25.149999618530	6.2293372026375
25.170000076294	6.5685683727333
25.190000534058	7.2619385247775
25.229999542236	10.406250068580
25.250000000000	9.7780659006665
25.270000457764	7.9524338194586
25.289999961853	6.8928345843212
25.309999465942	6.3842890491010
25.350000381470	5.9864448803257
25.369999885559	5.9098204393743
25.389999389648	5.8705237587499
25.409999847412	5.8600197058602
25.430000305176	5.8754767508662
25.449999809265	5.9220181856174
25.469999313354	6.0120647054417
25.489999771118	6.1804044751658
25.530000686646	7.1884724372771
25.550000190735	8.6785180256259
25.569999694824	10.694549668852
25.590000152588	10.017701291060
25.630000114441	6.8532866704873
25.649999618530	6.3447365284503
25.670000076294	6.0930436236723
25.690000534058	5.9583485529992
25.710000038147	5.8852037123550
25.729999542236	5.8478591584601
25.750000000000	5.8379230068510
25.770000457764	5.8525235114026
25.809999465942	5.9812799873720
25.829999923706	6.1400969985490
25.850000381470	6.4482323586849
25.869999885559	7.1057071519337
25.889999389648	8.6023314203453
25.930000305176	10.264754559955
25.949999809265	8.0172974685047
25.969999313354	6.8444776076423
25.989999771118	6.3272682544222
26.010000228882	6.0760990847171
26.030000686646	5.9432705404831
26.050000190735	5.8716727830899
26.090000152588	5.8254490051697
26.110000610352	5.8392821354135
26.130000114441	5.8811024801992
26.149999618530	5.9616084487098
26.170000076294	6.1117828660603
26.190000534058	6.4018887109315
26.210000038147	7.0198134467705
26.250000000000	10.832967168262
26.270000457764	10.501994279716
26.289999961853	8.1407787842227
26.309999465942	6.8853409366197
26.329999923706	6.3415520430675
26.369999885559	5.9458448495680
26.389999389648	5.8717589516129
26.409999847412	5.8352321900844
26.430000305176	5.8249845763406
26.449999809265	5.8387513756653
26.469999313354	5.8782756622019
26.489999771118	5.9568861687444
26.530000686646	6.3781395211401
26.550000190735	6.9590369470989
26.569999694824	8.2891439260148
26.590000152588	10.626485947121
26.610000610352	10.637708742424
26.649999618530	6.9655318256047
26.670000076294	6.3840609245655
26.690000534058	6.1077441366130
26.710000038147	5.9645938223514
26.729999542236	5.8867623918199
26.750000000000	5.8483823802439
26.770000457764	5.8373076197489
26.809999465942	5.8902039559785
26.829999923706	5.9682383218724
26.850000381470	6.1102554858440
26.869999885559	6.3774466808041
26.889999389648	6.9199876461686
26.909999847412	8.1160414158119
26.949999809265	10.606537370726
26.969999313354	8.5054667160687
26.989999771118	7.1039583385165
27.010000228882	6.4681235707008
27.030000686646	6.1638696275717
27.050000190735	6.0062840950211
27.090000152588	5.8783478976441
27.110000610352	5.8654807513787
27.130000114441	5.8787168257454
27.149999618530	5.9189988702447
27.170000076294	5.9985741211854
27.190000534058	6.1415673292814
27.210000038147	6.4044690828582
27.250000000000	7.9806363557538
27.270000457764	9.7721518925514
27.289999961853	10.350656767654
27.309999465942	8.6611953043983
27.329999923706	7.2700679838303
27.369999885559	6.2472120650593
27.389999389648	6.0695274155248
27.409999847412	5.9739634455097
27.430000305176	5.9259026050645
27.449999809265	5.9111414802968
27.469999313354	5.9231169237830
27.489999771118	5.9656445006012
27.530000686646	6.1940436993095
27.550000190735	6.4538738217360
27.569999694824	6.9348803910182
27.590000152588	7.8490567723001
27.610000610352	9.2642731722469
27.630000114441	9.8963812559145
27.670000076294	7.4601610371353
27.690000534058	6.7405136189889
27.710000038147	6.3661853278592
27.729999542236	6.1639177610475
27.750000000000	6.0537188493927
27.770000457764	5.9975942902077
27.809999465942	5.9912541312149
27.829999923706	6.0366342916640
27.850000381470	6.1244334959645
27.869999885559	6.2769416434682
27.889999389648	6.5363587082514
27.909999847412	6.9892735443467
27.930000305176	7.7630143303348
27.969999313354	9.3250819633102
27.989999771118	8.6049242696262
28.010000228882	7.5842479097472
28.030000686646	6.8970395323517
28.050000190735	6.5048758432737
28.090000152588	6.1589711765211
28.110000610352	6.0949475328032
28.130000114441	6.0735218410168
28.149999618530	6.0861421890392
28.170000076294	6.1354524966278
28.190000534058	6.2294152156072
28.210000038147	6.3874741445239
28.250000000000	7.0508621501888
28.270000457764	7.6629916785105
28.289999961853	8.3775192837695
28.309999465942	8.7174480818946
28.329999923706	8.3290735212908
28.350000381470	7.6231539619296
28.389999389648	6.6655207707725
28.409999847412	6.4364706714510
28.430000305176	6.3032652423160
28.449999809265	6.2342723677690
28.469999313354	6.2107486788211
28.489999771118	6.2275102323605
28.530000686646	6.3883299996755
28.550000190735	6.5545614529181
28.569999694824	6.8029329516426
28.590000152588	7.1566756896239
28.610000610352	7.6017189493286
28.630000114441	8.0157888647978
28.670000076294	7.9259258050048
28.690000534058	7.5002623588919
28.710000038147	7.0989921217056
28.729999542236	6.8009958115182
28.750000000000	6.6050401434809
28.770000457764	6.4876503376500
28.789999961853	6.4302877861218
28.829999923706	6.4518211194705
28.850000381470	6.5265996985436
28.869999885559	6.6477453066383
28.889999389648	6.8174649771999
28.909999847412	7.0363119646724
28.930000305176	7.2843125321049
28.969999313354	7.6331128510128
28.989999771118	7.6015556878401
29.010000228882	7.4367810064423
29.030000686646	7.2142960906488
29.050000190735	7.0017135419456
29.069999694824	6.8290313948450
29.110000610352	6.6220763607994
29.130000114441	6.5746211203132
29.149999618530	6.5523016100966
29.170000076294	6.5498911390934
29.190000534058	6.5601650494876
29.210000038147	6.5773096032820
29.250000000000	6.6033986708311
29.270000457764	6.6027932879342
29.289999961853	6.5889375039170
29.309999465942	6.5594000737041
29.329999923706	6.5178098402453
29.350000381470	6.4668725878762
29.369999885559	6.4111553722941
29.409999847412	6.2958228632335
29.430000305176	6.2424185333291
29.449999809265	6.1940745909098
29.469999313354	6.1494948537897
29.489999771118	6.1104483988486
29.510000228882	6.0760311576895
29.530000686646	6.0457478444955
29.569999694824	5.9952331271480
29.590000152588	5.9737800895204
29.610000610352	5.9540889150675
29.630000114441	5.9361850578526
29.649999618530	5.9178899763262
29.670000076294	5.9004751558088
29.690000534058	5.8830173684329
29.710000038147	5.8657682815675
29.750000000000	5.8277216218148
29.770000457764	5.8077783698496
29.789999961853	5.7875190002071
29.809999465942	5.7652954436097
29.829999923706	5.7428247661461
29.850000381470	5.7196516781130
29.869999885559	5.6964345297270
29.909999847412	5.6471842399990
29.930000305176	5.6225375396420
29.949999809265	5.5984275504077
29.969999313354	5.5734023856686
29.989999771118	5.5491990690542
30.010000228882	5.5254121352777
30.030000686646	5.5021604589715
30.050000190735	5.4800632319166
30.090000152588	5.4365690766485
30.110000610352	5.4163557121221
30.130000114441	5.3975693491100
30.149999618530	5.3787013154108
30.170000076294	5.3613089236718
30.190000534058	5.3448768024631
30.210000038147	5.3298897046722
30.229999542236	5.3147969190672
30.250000000000	5.3010692106155
30.289999961853	5.2764251333197
30.309999465942	5.2643654001072
30.329999923706	5.2533617361896
30.350000381470	5.2428451046818
30.369999885559	5.2332220623214
30.389999389648	5.2229230609597
30.409999847412	5.2133715422203
30.430000305176	5.2040063218974
30.469999313354	5.1856490746617
30.489999771118	5.1765757497357
30.510000228882	5.1675426964947
30.530000686646	5.1585366033622
30.550000190735	5.1500395959960
30.569999694824	5.1405760620797
30.590000152588	5.1316186972553
30.610000610352	5.1226841449678
30.630000114441	5.1142612640776
30.670000076294	5.0960173083918
30.690000534058	5.0871750552233
30.710000038147	5.0788327057135
30.729999542236	5.0695340631859
30.750000000000	5.0607272506023
30.770000457764	5.0519225813844
30.789999961853	5.0436028820355
30.809999465942	5.0343226845911
30.829999923706	5.0255464022008
30.869999885559	5.0086036702308
30.889999389648	4.9995534432068
30.909999847412	4.9911257757946
30.930000305176	4.9828931150308
30.949999809265	4.9753913642949
30.969999313354	4.9672508478558
30.989999771118	4.9599509557766
31.010000228882	4.9530588429941
31.030000686646	4.9466214461783
31.069999694824	4.9351352936743
31.090000152588	4.9300772592977
31.110000610352	4.9254183172497
31.130000114441	4.9215754994017
31.149999618530	4.9170509041528
31.170000076294	4.9131560498425
31.190000534058	4.9093138300680
31.210000038147	4.9058738848615
31.229999542236	4.9013364565732
31.270000457764	4.8922775611627
31.289999961853	4.8876067057500
31.309999465942	4.8815476882005
31.329999923706	4.8754846356530
31.350000381470	4.8689868824650
31.369999885559	4.8625813121708
31.389999389648	4.8549793816998
31.409999847412	4.8477048251183
31.430000305176	4.8404628186853
31.469999313354	4.8267543780717
31.489999771118	4.8206561150184
31.510000228882	4.8152717708045
31.530000686646	4.8107169330908
31.550000190735	4.8075262598998
31.569999694824	4.8043293263239
31.590000152588	4.8024598495757
31.610000610352	4.8013440137949
31.630000114441	4.8012838680624
31.649999618530	4.8006894325957
31.690000534058	4.8006140098165
31.710000038147	4.8006239422364
31.729999542236	4.7991324198162
31.750000000000	4.7973011035027
31.770000457764	4.7945166577667
31.789999961853	4.7911306752248
31.809999465942	4.7857225300187
31.829999923706	4.7797069021701
31.850000381470	4.7727023891676
31.889999389648	4.7565006851511
31.909999847412	4.7478396314050
31.930000305176	4.7392390249373
31.949999809265	4.7315218415482
31.969999313354	4.7236879651195
31.989999771118	4.7174212116384
32.010000228882	4.7125328165133
32.030000686646	4.7092014519963
32.050001144409	4.7074819291658
32.070001602173	4.7073058801010
32.109998703003	4.7107865607098
32.129999160767	4.7137852191071
32.149999618530	4.7170797185036
32.170000076294	4.7202263478725
32.190000534058	4.7227946043379
32.210000991821	4.7243889314500
32.230001449585	4.7246711068315
32.250000000000	4.7242830346743
32.269998550415	4.7203560464445
32.309999465942	4.7088976131890
32.329999923706	4.7006799984226
32.350000381470	4.6911223792715
32.370000839233	4.6806198509390
32.390001296997	4.6696664619731
32.409999847412	4.6597205130167
32.429998397827	4.6487321000884
32.449998855591	4.6399827047819
32.469999313354	4.6331231245547
32.489999771118	4.6285884373532
32.530000686646	4.6272981672185
32.550001144409	4.6304209055444
32.570001602173	4.6356289364658
32.590000152588	4.6432703944962
32.609998703003	4.6500403422562
32.629999160767	4.6578951369682
32.649999618530	4.6652458246445
32.670000076294	4.6714424412952
32.690000534058	4.6759329522142
32.710000991821	4.6782366474018
32.750000000000	4.6760195764645
32.769998550415	4.6694656340168
32.789999008179	4.6611448745284
32.809999465942	4.6504504508596
32.829999923706	4.6378137913095
32.850000381470	4.6238509362977
32.870000839233	4.6093348936475
32.890001296997	4.5951555610037
32.909999847412	4.5831469669908
32.949998855591	4.5640275460839
32.969999313354	4.5600685335567
32.989999771118	4.5600449861070
33.010000228882	4.5638689378232
33.030000686646	4.5711582901699
33.050001144409	4.5811772431349
33.070001602173	4.5930319988666
33.090000152588	4.6065715717021
33.109998703003	4.6181421712302
33.129999160767	4.6294210733005
33.170000076294	4.6452957842229
33.190000534058	4.6486994548789
33.210000991821	4.6485768122732
33.230001449585	4.6447557645484
33.250000000000	4.6381317793278
33.269998550415	4.6262613625849
33.289999008179	4.6121955718423
33.309999465942	4.5956732261007
33.329999923706	4.5775392371327
33.350000381470	4.5588537539486
33.390001296997	4.5247752546658
33.409999847412	4.5127987056911
33.429998397827	4.5033708490293
33.449998855591	4.4997756908284
33.469999313354	4.5014038208444
33.489999771118	4.5079957578264
33.510000228882	4.5188315616336
33.530000686646	4.5328424219809
33.550001144409	4.5487413993200
33.570001602173	4.5652134171099
33.609998703003	4.5949575050813
33.629999160767	4.6062306038205
33.649999618530	4.6141198048325
33.670000076294	4.6181512225688
33.690000534058	4.6180461127142
33.710000991821	4.6137186642212
33.730001449585	4.6052670702085
33.750000000000	4.5938577411677
33.769998550415	4.5773618662425
33.789999008179	4.5591240270933
33.829999923706	4.5187958896985
33.850000381470	4.4991785732775
33.870000839233	4.4817613033995
33.890001296997	4.4678354811369
33.909999847412	4.4593572020816
33.929998397827	4.4544585671769
33.949998855591	4.4558907377902
33.969999313354	4.4624764686761
33.989999771118	4.4734136704612
34.010000228882	4.4875708721813
34.050001144409	4.5202235347492
34.070001602173	4.5361505133509
34.090000152588	4.5511993983450
34.109998703003	4.5619585353886
34.129999160767	4.5704190946863
34.149999618530	4.5753353094225
34.170000076294	4.5765205451207
34.190000534058	4.5739650595273
34.210000991821	4.5678199779149
34.230001449585	4.5584021535709
34.269998550415	4.5317145831065
34.289999008179	4.5158091162403
34.309999465942	4.4992952999893
34.329999923706	4.4831338612089
34.350000381470	4.4682771526840
34.370000839233	4.4556288463169
34.390001296997	4.4459437275745
34.409999847412	4.4405961858426
34.429998397827	4.4372825590093
34.449998855591	4.4384745540586
34.489999771118	4.4501570972961
34.510000228882	4.4593085940811
34.530000686646	4.4696193187012
34.550001144409	4.4802984138463
34.570001602173	4.4906478611015
34.590000152588	4.5009373458518
34.609998703003	4.5081433354071
34.629999160767	4.5145283421817
34.649999618530	4.5190457308622
34.670000076294	4.5216151770367
34.690000534058	4.5222462869029
34.730001449585	4.5180813031493
34.750000000000	4.5144504972160
34.769998550415	4.5077554150489
34.789999008179	4.5007977834500
34.809999465942	4.4929554500414
34.829999923706	4.4844721346062
34.850000381470	4.4756054626376
34.870000839233	4.4666193726168
34.890001296997	4.4577898920553
34.909999847412	4.4502553352967
34.949998855591	4.4351096700932
34.969999313354	4.4297637022932
34.989999771118	4.4259697850167
35.010000228882	4.4239236647249
35.030000686646	4.4237622805931
35.050001144409	4.4255401332550
35.070001602173	4.4292099559173
35.090000152588	4.4354668626666
35.109998703003	4.4415134458074
35.129999160767	4.4495469883563
35.170000076294	4.4673214077634
35.190000534058	4.4761084641867
35.210000991821	4.4841881241496
35.230001449585	4.4911009015566
35.250000000000	4.4973021279263
35.269998550415	4.4998670243598
35.289999008179	4.5010979822347
35.309999465942	4.4999483112485
35.329999923706	4.4963323586750
35.350000381470	4.4902612596244
35.390001296997	4.4714571324248
35.409999847412	4.4602410761277
35.429998397827	4.4462394054163
35.449998855591	4.4326651593252
35.469999313354	4.4194426017924
35.489999771118	4.4073854237731
35.510000228882	4.3972937735619
35.530000686646	4.3898673529384
35.550001144409	4.3856206670515
35.570001602173	4.3848285767784
35.609998703003	4.3932744157109
35.629999160767	4.4016815092908
35.649999618530	4.4119889674989
35.670000076294	4.4233881802599
35.690000534058	4.4350679364753
35.710000991821	4.4462669861985
35.730001449585	4.4563245023017
35.750000000000	4.4655684386356
35.769998550415	4.4710609625802
35.789999008179	4.4751158697308
35.809999465942	4.4767776345424
35.850000381470	4.4730981607621
35.870000839233	4.4681195866607
35.890001296997	4.4614229866209
35.909999847412	4.4542392056097
35.929998397827	4.4444401096974
35.949998855591	4.4350188654302
35.969999313354	4.4255768495266
35.989999771118	4.4165309533937
36.010000228882	4.4082618115882
36.030000686646	4.4010624013281
36.070001602173	4.3906355910123
36.090000152588	4.3883860681126
36.109998703003	4.3858372098866
36.129999160767	4.3853880249373
36.149999618530	4.3860586059116
36.170000076294	4.3876839154205
36.190000534058	4.3901098372417
36.210000991821	4.3931990008847
36.230001449585	4.3968336843484
36.250000000000	4.4017642966359
36.289999008179	4.4101368025673
36.309999465942	4.4150878450828
36.329999923706	4.4201278746514
36.350000381470	4.4251209991110
36.370000839233	4.4298854249316
36.390001296997	4.4342276621134
36.409999847412	4.4387634248319
36.429998397827	4.4407136011345
36.449998855591	4.4423841578713
36.469999313354	4.4427066131811
36.489999771118	4.4414939057052
36.530000686646	4.4340274203552
36.550001144409	4.4277433299327
36.570001602173	4.4198987816565
36.590000152588	4.4115860757959
36.609998703003	4.4006451330677
36.629999160767	4.3900736574867
36.649999618530	4.3796027310077
36.670000076294	4.3698553301127
36.690000534058	4.3614693967122
36.710000991821	4.3550344005862
36.750000000000	4.3505404367532
36.769998550415	4.3512089216311
36.789999008179	4.3553679637184
36.809999465942	4.3618416831441
36.829999923706	4.3701052453062
36.850000381470	4.3795311285239
36.870000839233	4.3894471816371
36.890001296997	4.3991905709458
36.909999847412	4.4090087284280
36.929998397827	4.4158904042604
36.969999313354	4.4261538849440
36.989999771118	4.4283338817092
37.010000228882	4.4285019866964
37.030000686646	4.4267642869048
37.050001144409	4.4233237957946
37.070001602173	4.4184577507802
37.090000152588	4.4133428147213
37.109998703003	4.4058228813183
37.129999160767	4.3988065384355
37.149999618530	4.3918032488992
37.170000076294	4.3851448316520
37.210000991821	4.3737609054584
37.230001449585	4.3693001831959
37.250000000000	4.3665346764213
37.269998550415	4.3628986226665
37.289999008179	4.3607876927122
37.309999465942	4.3592459143308
37.329999923706	4.3581532244261
37.350000381470	4.3574241573617
37.370000839233	4.3570265169005
37.390001296997	4.3569600497760
37.429998397827	4.3581488403223
37.449998855591	4.3596298527323
37.469999313354	4.3618566005999
37.489999771118	4.3649111016964
37.510000228882	4.3688160876477
37.530000686646	4.3735205009062
37.550001144409	4.3788854552108
37.570001602173	4.3846869387641
37.590000152588	4.3914789620471
37.609998703003	4.3963966097177
37.629999160767	4.4015803517779
37.670000076294	4.4087809940874
37.690000534058	4.4101563868854
37.710000991821	4.4097351803137
37.730001449585	4.4073858195354
37.750000000000	4.4039289003153
37.769998550415	4.3969436382352
37.789999008179	4.3891730126017
37.809999465942	4.3801264987239
37.829999923706	4.3702730414535
37.850000381470	4.3601645572361
37.890001296997	4.3416683870663
37.909999847412	4.3353194445400
37.929998397827	4.3293700134768
37.949998855591	4.3266096731122
37.969999313354	4.3263269597620
37.989999771118	4.3284255852783
38.010000228882	4.3326141951804
38.030000686646	4.3384443530343
38.050001144409	4.3453731455751
38.070001602173	4.3528178263030
38.090000152588	4.3610406624886
38.129999160767	4.3730104020875
38.149999618530	4.3777669811850
38.170000076294	4.3812157374459
38.190000534058	4.3833328371018
38.210000991821	4.3842261075069
38.230001449585	4.3840704915426
38.250000000000	4.3839526289864
38.269998550415	4.3816175649218
38.289999008179	4.3798429614291
38.309999465942	4.3780306759072
38.350000381470	4.3748535867674
38.370000839233	4.3735918217369
38.390001296997	4.3724693554221
38.409999847412	4.3721611962351
38.429998397827	4.3699714876252
38.449998855591	4.3681829081962
38.469999313354	4.3657554394506
38.489999771118	4.3625357485240
38.510000228882	4.3584410140464
38.530000686646	4.3534964952289
38.570001602173	4.3417249960728
38.590000152588	4.3363582222542
38.609998703003	4.3297060444592
38.629999160767	4.3247497540126
38.649999618530	4.3211557729691
38.670000076294	4.3193408498241
38.690000534058	4.3196077363415
38.710000991821	4.3220825412420
38.730001449585	4.3266929278725
38.750000000000	4.3340080501910
38.769998550415	4.3411163652790
38.809999465942	4.3590366819792
38.829999923706	4.3677828412148
38.850000381470	4.3755767857161
38.870000839233	4.3819474078397
38.890001296997	4.3864894485236
38.909999847412	4.3898005869889
38.929998397827	4.3892595723507
38.949998855591	4.3874147731288
38.969999313354	4.3836010946386
38.989999771118	4.3781191217085
39.030000686646	4.3638747209438
39.050001144409	4.3561339159825
39.070001602173	4.3486895571643
39.090000152588	4.3428580459955
39.109998703003	4.3365441559461
39.129999160767	4.3324885073355
39.149999618530	4.3299546407706
39.170000076294	4.3288715726990
39.190000534058	4.3290209891762
39.210000991821	4.3300730980881
39.230001449585	4.3316269453801
39.269998550415	4.3346919102323
39.289999008179	4.3355690240183
39.309999465942	4.3357653738617
39.329999923706	4.3352733971890
39.350000381470	4.3341978531775
39.370000839233	4.3327895531527
39.390001296997	4.3313780360292
39.409999847412	4.3311700247527
39.429998397827	4.3300660138500
39.449998855591	4.3308712725101
39.489999771118	4.3364369885003
39.510000228882	4.3411871776339
39.530000686646	4.3469670373953
39.550001144409	4.3533945647827
39.570001602173	4.3599758040040
39.590000152588	4.3670134033646
39.609998703003	4.3714643368610
39.629999160767	4.3753363773846
39.649999618530	4.3773867007022
39.670000076294	4.3773253689512
39.690000534058	4.3750002458883
39.730001449585	4.3637866732064
39.750000000000	4.3562521459605
39.769998550415	4.3458321663110
39.789999008179	4.3356788693743
39.809999465942	4.3256713101280
39.829999923706	4.3165684540815
39.850000381470	4.3090710751898
39.870000839233	4.3037541316204
39.890001296997	4.3009838315922
39.909999847412	4.3016984590347
39.949998855591	4.3078061566712
39.969999313354	4.3138609206418
39.989999771118	4.3207586718286
#Parameters = {D_0=150; D_1=160; D_2=170; D_3=180; D_4=190; D_5=200; D_6=210; R_0=4; R_horn=100; T=1; a=7.112; a_horn=21; b=3.556; b_horn=15.5; d=22.5756394418; d2=14.198361494191; delta=0.005; f=200; f2=350; h_back=8; h_back_2=20; h_back_back=20; h_horn=213.67261386413; h_horn2=43; l_la=650; l_plasma=200; n=1.9493588689618; ne0=218400000000; ne1=176000000000; ne2=168000000000; ne3=155000000000; ne4=134000000000; ne5=102000000000; ne6=29300000000; ve1=1500000000; xx=8.903025577672; y_move=0; yy=8.903025577672; z_move=20}
#"Frequency / GHz"	"28.98E9_3E9 [Real Part]"
#-------------------------------------------
20.030000686646	4.9908902820810
20.050000190735	4.9290919494248
20.069999694824	4.8147614426580
20.090000152588	4.6112755514000
20.110000610352	4.2325965993415
20.130000114441	3.4883111163202
20.149999618530	2.1031793414435
20.170000076294	0.76652744519194
20.190000534058	1.5188968654451
20.210000038147	3.0797428870726
20.229999542236	4.0167428728768
20.250000000000	4.4877363620869
20.289999961853	4.8654316624576
20.309999465942	4.9346749830795
20.329999923706	4.9638745278440
20.350000381470	4.9612441524025
20.369999885559	4.9275458829875
20.389999389648	4.8536128305175
20.409999847412	4.7212344628792
20.430000305176	4.4876425989805
20.449999809265	4.0637988706388
20.469999313354	3.2783820249114
20.489999771118	2.0254729037219
20.530000686646	1.9787400032334
20.550000190735	3.2368178498490
20.569999694824	4.0318170462544
20.590000152588	4.4594461661764
20.610000610352	4.6918665556982
20.630000114441	4.8208584134643
20.649999618530	4.8880717467744
20.670000076294	4.9146003572737
20.690000534058	4.9074577881088
20.710000038147	4.8662814995744
20.729999542236	4.7803245947873
20.770000457764	4.3659212013678
20.789999961853	3.9027602759933
20.809999465942	3.1029068271386
20.829999923706	2.0187228563164
20.850000381470	1.5452510254047
20.869999885559	2.3371331930945
20.889999389648	3.3763152665775
20.909999847412	4.0571666038457
20.930000305176	4.4428916433623
20.949999809265	4.6606817626791
20.969999313354	4.7825255188707
20.989999771118	4.8463720510866
21.030000686646	4.8562656504004
21.050000190735	4.8067697464695
21.069999694824	4.7081257876762
21.090000152588	4.5373700024777
21.110000610352	4.2463719958426
21.130000114441	3.7516272887375
21.149999618530	2.9625410212232
21.170000076294	2.0632461104955
21.190000534058	1.8648075620913
21.210000038147	2.6223793423075
21.229999542236	3.4983999927950
21.250000000000	4.0867052311531
21.270000457764	4.4337086051610
21.309999465942	4.7492677257557
21.329999923706	4.8078421669054
21.350000381470	4.8251790560180
21.369999885559	4.8063094062503
21.389999389648	4.7464239059507
21.409999847412	4.6343054718201
21.430000305176	4.4431296023772
21.449999809265	4.1249024772237
21.469999313354	3.6048581187279
21.489999771118	2.8495884910525
21.530000686646	2.1518474342679
21.550000190735	2.8645330551702
21.569999694824	3.6110900098423
21.590000152588	4.1207751708685
21.610000610352	4.4310289752193
21.630000114441	4.6153295971855
21.649999618530	4.7199638869078
21.670000076294	4.7719655055323
21.690000534058	4.7830132238944
21.710000038147	4.7565771929545
21.729999542236	4.6865299226574
21.770000457764	4.3495739581159
21.789999961853	4.0086600050470
21.809999465942	3.4797993457670
21.829999923706	2.7878143561719
21.850000381470	2.2674684891433
21.869999885559	2.4123197942941
21.889999389648	3.0624425446047
21.909999847412	3.7030340715298
21.930000305176	4.1480665258040
21.949999809265	4.4269369875983
21.969999313354	4.5945500243210
21.989999771118	4.6905503908524
22.010000228882	4.7358686185047
22.050000190735	4.7060334033826
22.069999694824	4.6255300410878
22.090000152588	4.4849823511066
22.110000610352	4.2560934839128
22.130000114441	3.8972611911622
22.149999618530	3.3725750844934
22.170000076294	2.7603226440679
22.190000534058	2.4054816168585
22.210000038147	2.6375965841697
22.229999542236	3.2276081143582
22.250000000000	3.7824377187411
22.270000457764	4.1732210885068
22.309999465942	4.5757035073204
22.329999923706	4.6622532735267
22.350000381470	4.7002803448215
22.369999885559	4.6980326491737
22.389999389648	4.6543604343916
22.409999847412	4.5634883624090
22.430000305176	4.4090123526958
22.449999809265	4.1644215393681
22.469999313354	3.7939725897087
22.489999771118	3.2895196536290
22.510000228882	2.7707982128161
22.550000190735	2.8380355312516
22.569999694824	3.3677154774187
22.590000152588	3.8500670933203
22.610000610352	4.1943119579306
22.630000114441	4.4188340214935
22.649999618530	4.5565513457109
22.670000076294	4.6337565795367
22.690000534058	4.6643629499957
22.710000038147	4.6547660340447
22.729999542236	4.6026401932615
22.750000000000	4.5013709907140
22.789999961853	4.0779952275040
22.809999465942	3.7063592946302
22.829999923706	3.2372840437128
22.850000381470	2.8165083085911
22.869999885559	2.7132462348175
22.889999389648	3.0118960448821
22.909999847412	3.4836233635993
22.930000305176	3.9048798129934
22.949999809265	4.2100629807349
22.969999313354	4.4112532262982
22.989999771118	4.5362190732861
23.010000228882	4.6046685752511
23.050000190735	4.6116154759326
23.069999694824	4.5516484830552
23.090000152588	4.4412705760505
23.110000610352	4.2647488484112
23.130000114441	4.0019810220699
23.149999618530	3.6392123304635
23.170000076294	3.2161951970792
23.190000534058	2.8865063573564
23.210000038147	2.8611293310920
23.229999542236	3.1576929198440
23.250000000000	3.5764117824505
23.270000457764	3.9470032769935
23.309999465942	4.4012109049502
23.329999923706	4.5145743819973
23.350000381470	4.5751489551887
23.369999885559	4.5926939286038
23.389999389648	4.5689955938836
23.409999847412	4.5027864026247
23.430000305176	4.3853429111524
23.449999809265	4.2033322157080
23.469999313354	3.9401418758706
23.489999771118	3.5960501455972
23.510000228882	3.2247947155017
23.550000190735	2.9974862468674
23.569999694824	3.2786998688321
23.590000152588	3.6495403830830
23.610000610352	3.9777489191883
23.630000114441	4.2226038163272
23.649999618530	4.3883198187204
23.670000076294	4.4918479566387
23.690000534058	4.5457338903393
23.710000038147	4.5578999054653
23.729999542236	4.5291693790684
23.750000000000	4.4579283614976
23.770000457764	4.3359462461872
23.809999465942	3.8947502114063
23.829999923706	3.5743642996178
23.850000381470	3.2527501581637
23.869999885559	3.0618048103840
23.889999389648	3.1138485934707
23.909999847412	3.3747890294420
23.930000305176	3.7049940133544
23.949999809265	3.9991997606005
23.969999313354	4.2209796742893
23.989999771118	4.3738045681696
24.010000228882	4.4692467347261
24.030000686646	4.5177076891056
24.069999694824	4.4932385634987
24.090000152588	4.4187562520250
24.110000610352	4.2947724375174
24.130000114441	4.1123545356232
24.149999618530	3.8651280673525
24.170000076294	3.5703283828852
24.190000534058	3.2921290741191
24.210000038147	3.1449782760937
24.229999542236	3.2104645583312
24.250000000000	3.4494622496196
24.270000457764	3.7457421976454
24.289999961853	4.0122456535383
24.329999923706	4.3583037478388
24.350000381470	4.4473493606115
24.369999885559	4.4920932400786
24.389999389648	4.4961728004384
24.409999847412	4.4618534072370
24.430000305176	4.3858661795881
24.449999809265	4.2625576728186
24.469999313354	4.0836505156224
24.489999771118	3.8492311826609
24.510000228882	3.5794694961560
24.530000686646	3.3372609347067
24.569999694824	3.2900921728159
24.590000152588	3.5076522528445
24.610000610352	3.7755721193551
24.630000114441	4.0196359402669
24.649999618530	4.2091912481248
24.670000076294	4.3430065076890
24.690000534058	4.4272593149209
24.710000038147	4.4691613133213
24.729999542236	4.4715124120733
24.750000000000	4.4362808633409
24.770000457764	4.3604667009786
24.809999465942	4.0666144226155
24.829999923706	3.8452087829048
24.850000381470	3.5974504905138
24.869999885559	3.3827596295904
24.889999389648	3.2842548849182
24.909999847412	3.3517345092853
24.930000305176	3.5496087113844
24.949999809265	3.7949743203146
24.969999313354	4.0208900589056
24.989999771118	4.2000681576738
25.010000228882	4.3278948189234
25.030000686646	4.4090290145609
25.069999694824	4.4512649308357
25.090000152588	4.4163740398273
25.110000610352	4.3420572541968
25.130000114441	4.2244606646393
25.149999618530	4.0587418460084
25.170000076294	3.8497179738484
25.190000534058	3.6202034808439
25.210000038147	3.4251657471341
25.229999542236	3.3372810317443
25.250000000000	3.3988818418280
25.270000457764	3.5792384248555
25.289999961853	3.8061788239370
25.329999923706	4.1901130186821
25.350000381470	4.3139939028015
25.369999885559	4.3939119989816
25.389999389648	4.4331771358070
25.409999847412	4.4360366153733
25.430000305176	4.4025702636281
25.449999809265	4.3312231506913
25.469999313354	4.2171698068153
25.489999771118	4.0590394828250
25.510000228882	3.8609449566566
25.530000686646	3.6454801013033
25.569999694824	3.3794201829919
25.590000152588	3.4327414395785
25.610000610352	3.5977218522737
25.630000114441	3.8102692670274
25.649999618530	4.0132871154920
25.670000076294	4.1796807247296
25.690000534058	4.3016841432690
25.710000038147	4.3815198487057
25.729999542236	4.4217443193258
25.750000000000	4.4262792750397
25.770000457764	4.3952214999621
25.809999465942	4.2179613937477
25.829999923706	4.0665221379096
25.850000381470	3.8771287290031
25.869999885559	3.6713260455775
25.889999389648	3.4944687065632
25.909999847412	3.4090881663012
25.930000305176	3.4521429621256
25.949999809265	3.6042714440657
25.969999313354	3.8057719967529
25.989999771118	4.0035298644456
26.010000228882	4.1680511455229
26.030000686646	4.2903976846439
26.069999694824	4.4140905220913
26.090000152588	4.4211967241740
26.110000610352	4.3931797405559
26.130000114441	4.3289234628330
26.149999618530	4.2242778159984
26.170000076294	4.0785022453051
26.190000534058	3.8953515602584
26.210000038147	3.6947000321077
26.229999542236	3.5187913458970
26.250000000000	3.4276409342792
26.270000457764	3.4598399482105
26.289999961853	3.6012670352726
26.329999923706	3.9918510063437
26.350000381470	4.1571698271135
26.369999885559	4.2821732158755
26.389999389648	4.3655235823419
26.409999847412	4.4113589832888
26.430000305176	4.4217091450071
26.449999809265	4.3976076869935
26.469999313354	4.3363911232954
26.489999771118	4.2364230883023
26.510000228882	4.0950707523332
26.530000686646	3.9155531819548
26.569999694824	3.5356200323524
26.590000152588	3.4345199158635
26.610000610352	3.4547939486596
26.630000114441	3.5878377804849
26.649999618530	3.7802084665501
26.670000076294	3.9777086148690
26.690000534058	4.1469493137229
26.710000038147	4.2763908289081
26.729999542236	4.3640871625657
26.750000000000	4.4140308390205
26.770000457764	4.4283506269639
26.809999465942	4.3510321323272
26.829999923706	4.2550525228510
26.850000381470	4.1170129757821
26.869999885559	3.9391360767756
26.889999389648	3.7355300860680
26.909999847412	3.5460749493769
26.930000305176	3.4300871020238
26.949999809265	3.4366982146543
26.969999313354	3.5623820335073
26.989999771118	3.7566167479928
27.010000228882	3.9603495921062
27.030000686646	4.1370576875756
27.069999694824	4.3671357421220
27.090000152588	4.4222517729897
27.110000610352	4.4411855206654
27.130000114441	4.4253373496326
27.149999618530	4.3721144130026
27.170000076294	4.2794718676573
27.190000534058	4.1431935937158
27.210000038147	3.9636241696812
27.229999542236	3.7521127146059
27.250000000000	3.5468515572857
27.270000457764	3.4104595684141
27.309999465942	3.5236517610921
27.329999923706	3.7255292051423
27.350000381470	3.9415256198355
27.369999885559	4.1305637395057
27.389999389648	4.2759911312423
27.409999847412	4.3778170138057
27.430000305176	4.4391372780741
27.449999809265	4.4637368034047
27.469999313354	4.4516449656192
27.489999771118	4.4028167933932
27.510000228882	4.3130058142572
27.550000190735	3.9925315166079
27.569999694824	3.7671434109693
27.590000152588	3.5371032032741
27.610000610352	3.3708223931644
27.630000114441	3.3415171315847
27.649999618530	3.4641703612635
27.670000076294	3.6826174409921
27.690000534058	3.9198317624676
27.710000038147	4.1273024373076
27.729999542236	4.2865553783691
27.750000000000	4.3983847369699
27.770000457764	4.4671995961248
27.809999465942	4.4906964812620
27.829999923706	4.4459566908112
27.850000381470	4.3585626779081
27.869999885559	4.2217948711839
27.889999389648	4.0278800960633
27.909999847412	3.7812991235392
27.930000305176	3.5136085732159
27.949999809265	3.3030115231735
27.969999313354	3.2458632547933
27.989999771118	3.3762462635799
28.010000228882	3.6264975237532
28.030000686646	3.8989491977930
28.069999694824	4.3119200292598
28.090000152588	4.4361751041011
28.110000610352	4.5136460914713
28.130000114441	4.5508076211793
28.149999618530	4.5490486063762
28.170000076294	4.5083333145853
28.190000534058	4.4224824378333
28.210000038147	4.2816553036934
28.229999542236	4.0717811987170
28.250000000000	3.7876669953024
28.270000457764	3.4543140180216
28.309999465942	3.0709191001830
28.329999923706	3.2328322336747
28.350000381470	3.5538292680685
28.369999885559	3.8913893623795
28.389999389648	4.1684379752725
28.409999847412	4.3716603141736
28.430000305176	4.5102049490988
28.449999809265	4.5971362954960
28.469999313354	4.6401216309417
28.489999771118	4.6443920445205
28.510000228882	4.6080168019300
28.550000190735	4.3748845621034
28.569999694824	4.1368836127030
28.590000152588	3.7824833522868
28.610000610352	3.3156283453689
28.630000114441	2.8656178984177
28.649999618530	2.7143274817420
28.670000076294	2.9980148627941
28.690000534058	3.4948846599607
28.710000038147	3.9529484376572
28.729999542236	4.2896859118302
28.750000000000	4.5184481008169
28.770000457764	4.6678803313561
28.809999465942	4.8085592728740
28.829999923706	4.8173866695162
28.850000381470	4.7833112469220
28.869999885559	4.6925509205286
28.889999389648	4.5110335994609
28.909999847412	4.1718741271150
28.930000305176	3.5478716600084
28.949999809265	2.5291027669768
28.969999313354	1.6055737538561
28.989999771118	1.9590696731876
29.010000228882	3.1165171741615
29.030000686646	4.0188868017739
29.069999694824	4.8889259378542
29.090000152588	5.1096816049555
29.110000610352	5.2775680046192
29.130000114441	5.4250704676537
29.149999618530	5.5731405122543
29.170000076294	5.7445806373815
29.190000534058	5.9651669506358
29.210000038147	6.2725710018204
29.250000000000	7.3085308031848
29.270000457764	7.9181275868189
29.289999961853	8.1398406269637
29.309999465942	7.7739100136765
29.329999923706	7.1730456856618
29.350000381470	6.6672851922796
29.389999389648	6.0994021640675
29.409999847412	5.9569290011280
29.430000305176	5.8654287366042
29.449999809265	5.8075202191749
29.469999313354	5.7705966906835
29.489999771118	5.7494953180485
29.510000228882	5.7392594174674
29.530000686646	5.7369056956774
29.569999694824	5.7476972171876
29.590000152588	5.7577541385953
29.610000610352	5.7691446261621
29.630000114441	5.7811920034005
29.649999618530	5.7910368103102
29.670000076294	5.7991871955130
29.690000534058	5.8040560366205
29.729999542236	5.8007979494266
29.750000000000	5.7917875169111
29.770000457764	5.7778140660264
29.789999961853	5.7597911689933
29.809999465942	5.7366915680573
29.829999923706	5.7109527937949
29.850000381470	5.6828888128667
29.869999885559	5.6538984808023
29.909999847412	5.5929420685376
29.930000305176	5.5632668466399
29.949999809265	5.5350788539101
29.969999313354	5.5070890847058
29.989999771118	5.4810710952914
30.010000228882	5.4566064320985
30.030000686646	5.4337424355630
30.050000190735	5.4129841486844
30.090000152588	5.3745140009492
30.110000610352	5.3576710086345
30.130000114441	5.3426424390034
30.149999618530	5.3277906704229
30.170000076294	5.3145359529158
30.190000534058	5.3022585720321
30.210000038147	5.2913517121517
30.229999542236	5.2801948286929
30.270000457764	5.2607496229454
30.289999961853	5.2522557192252
30.309999465942	5.2431221674932
30.329999923706	5.2347644312560
30.350000381470	5.2266058919511
30.369999885559	5.2190719434517
30.389999389648	5.2106088880943
30.409999847412	5.2026561077104
30.430000305176	5.1946774620737
30.469999313354	5.1784866267490
30.489999771118	5.1702318016556
30.510000228882	5.1618576584356
30.530000686646	5.1533477347357
30.550000190735	5.1451994379116
30.569999694824	5.1359403150848
30.590000152588	5.1270497463969
30.610000610352	5.1180397908321
30.630000114441	5.1094152943546
30.670000076294	5.0904374855038
30.690000534058	5.0810777942623
30.710000038147	5.0721574228163
30.729999542236	5.0622302086942
30.750000000000	5.0527733406948
30.770000457764	5.0433247081006
30.789999961853	5.0343850746163
30.809999465942	5.0245527413465
30.829999923706	5.0152931983314
30.869999885559	4.9976822831500
30.889999389648	4.9884567221467
30.909999847412	4.9799597767109
30.930000305176	4.9717508915973
30.949999809265	4.9643419172337
30.969999313354	4.9563451460863
30.989999771118	4.9492031094480
31.010000228882	4.9424614376633
31.030000686646	4.9361253231930
31.069999694824	4.9246321505178
31.090000152588	4.9194355699199
31.110000610352	4.9145519204277
31.130000114441	4.9104025719257
31.149999618530	4.9055289961353
31.170000076294	4.9012721715519
31.190000534058	4.8971067586016
31.210000038147	4.8934336482235
31.229999542236	4.8887984576098
31.270000457764	4.8801978346354
31.289999961853	4.8761638439120
31.309999465942	4.8710468479373
31.329999923706	4.8662513978488
31.350000381470	4.8613251253096
31.369999885559	4.8567672167023
31.389999389648	4.8512325127085
31.409999847412	4.8461686223076
31.430000305176	4.8411678177391
31.469999313354	4.8316244616130
31.489999771118	4.8271941038135
31.510000228882	4.8230468205873
31.530000686646	4.8192117774949
31.550000190735	4.8161550545089
31.569999694824	4.8124830567239
31.590000152588	4.8095423138743
31.610000610352	4.8068197315231
31.630000114441	4.8047026706421
31.649999618530	4.8017405499434
31.690000534058	4.7965829544968
31.710000038147	4.7942126328386
31.729999542236	4.7906611948636
31.750000000000	4.7872386445540
31.770000457764	4.7834493848920
31.789999961853	4.7797317269416
31.809999465942	4.7747242609359
31.829999923706	4.7698338143705
31.850000381470	4.7646578423697
31.889999389648	4.7537931899867
31.909999847412	4.7483181605412
31.930000305176	4.7429727282762
31.949999809265	4.7383208159322
31.969999313354	4.7331163888875
31.989999771118	4.7288007111951
32.010000228882	4.7249847447848
32.030000686646	4.7217002129435
32.050001144409	4.7189391969095
32.070001602173	4.7166670453310
32.109998703003	4.7132652755865
32.129999160767	4.7119146124397
32.149999618530	4.7106167259604
32.170000076294	4.7092371890601
32.190000534058	4.7076399984322
32.210000991821	4.7057020021220
32.230001449585	4.7033424590770
32.250000000000	4.7013714669922
32.269998550415	4.6970789333277
32.309999465942	4.6887684359827
32.329999923706	4.6839817096170
32.350000381470	4.6789255411188
32.370000839233	4.6737438451166
32.390001296997	4.6686042848650
32.409999847412	4.6645760718801
32.429998397827	4.6591631687277
32.449998855591	4.6551834117155
32.469999313354	4.6518931696714
32.489999771118	4.6493472073222
32.530000686646	4.6466164123290
32.550001144409	4.6463343574775
32.570001602173	4.6466115793854
32.590000152588	4.6481798381023
32.609998703003	4.6481771403526
32.629999160767	4.6490503472022
32.649999618530	4.6497074320850
32.670000076294	4.6499433319259
32.690000534058	4.6495902411934
32.710000991821	4.6485141304964
32.750000000000	4.6447796611827
32.769998550415	4.6403432077036
32.789999008179	4.6360445646569
32.809999465942	4.6311364860081
32.829999923706	4.6258042359795
32.850000381470	4.6202689174388
32.870000839233	4.6147839386692
32.890001296997	4.6096079457469
32.909999847412	4.6058717134971
32.949998855591	4.5982856126739
32.969999313354	4.5964725340412
32.989999771118	4.5957473737602
33.010000228882	4.5960613596176
33.030000686646	4.5972836860402
33.050001144409	4.5992160505615
33.070001602173	4.6016000231753
33.090000152588	4.6050337281415
33.109998703003	4.6065843309914
33.129999160767	4.6085953207246
33.170000076294	4.6103670121339
33.190000534058	4.6097477715155
33.210000991821	4.6079691150895
33.230001449585	4.6050083499570
33.250000000000	4.6017916563707
33.269998550415	4.5958023097074
33.289999008179	4.5898670591269
33.309999465942	4.5833606088003
33.329999923706	4.5765858937917
33.350000381470	4.5698853094588
33.390001296997	4.5580616929488
33.409999847412	4.5544285068686
33.429998397827	4.5503160169036
33.449998855591	4.5484546773586
33.469999313354	4.5480146996588
33.489999771118	4.5489042308261
33.510000228882	4.5509441642094
33.530000686646	4.5538752221172
33.550001144409	4.5573661837865
33.570001602173	4.5610640825207
33.609998703003	4.5676274317816
33.629999160767	4.5698420274370
33.649999618530	4.5709916700975
33.670000076294	4.5708959215556
33.690000534058	4.5694476715817
33.710000991821	4.5666240775557
33.730001449585	4.5624791288994
33.750000000000	4.5580230782633
33.769998550415	4.5508557255041
33.789999008179	4.5438688220744
33.829999923706	4.5291881030843
33.850000381470	4.5222402834330
33.870000839233	4.5160480401753
33.890001296997	4.5109288935458
33.909999847412	4.5079921319350
33.929998397827	4.5048157723039
33.949998855591	4.5040254995250
33.969999313354	4.5047009176080
33.989999771118	4.5066662163274
34.010000228882	4.5096760500048
34.050001144409	4.5174943558116
34.070001602173	4.5215849624707
34.090000152588	4.5261924172746
34.109998703003	4.5284250787389
34.129999160767	4.5306079906983
34.149999618530	4.5316961104485
34.170000076294	4.5315657337152
34.190000534058	4.5301717698670
34.210000991821	4.5275304127453
34.230001449585	4.5237458253923
34.269998550415	4.5133971754077
34.289999008179	4.5073016068098
34.309999465942	4.5009573279905
34.329999923706	4.4946703974731
34.350000381470	4.4887358030725
34.370000839233	4.4834317494131
34.390001296997	4.4789922704301
34.409999847412	4.4764530229918
34.429998397827	4.4733600908554
34.449998855591	4.4723086491613
34.489999771118	4.4735429170542
34.510000228882	4.4755428366481
34.530000686646	4.4782021911875
34.550001144409	4.4812832193316
34.570001602173	4.4845422819245
34.590000152588	4.4885999078148
34.609998703003	4.4906728506267
34.629999160767	4.4931411197228
34.649999618530	4.4950003311913
34.670000076294	4.4961364919128
34.690000534058	4.4964749195839
34.730001449585	4.4946636270258
34.750000000000	4.4934080682320
34.769998550415	4.4897069995102
34.789999008179	4.4862265453201
34.809999465942	4.4822263307254
34.829999923706	4.4778423476716
34.850000381470	4.4732279230209
34.870000839233	4.4685432447729
34.890001296997	4.4639568178987
34.909999847412	4.4604920458235
34.949998855591	4.4524314398332
34.969999313354	4.4498076378884
34.989999771118	4.4479723338546
35.010000228882	4.4469831487542
35.030000686646	4.4468563528714
35.050001144409	4.4475694007621
35.070001602173	4.4490545377552
35.090000152588	4.4520537101418
35.109998703003	4.4538775077433
35.129999160767	4.4569140901525
35.170000076294	4.4632853941378
35.190000534058	4.4662345614976
35.210000991821	4.4687693753612
35.230001449585	4.4707237960848
35.250000000000	4.4728046443200
35.269998550415	4.4723380866276
35.289999008179	4.4718084674180
35.309999465942	4.4703253521127
35.329999923706	4.4679005802502
35.350000381470	4.4645913562481
35.390001296997	4.4557590049236
35.409999847412	4.4514234412854
35.429998397827	4.4451582269415
35.449998855591	4.4397480947337
35.469999313354	4.4346025832720
35.489999771118	4.4299651346442
35.510000228882	4.4260587241702
35.530000686646	4.4230710480951
35.550001144409	4.4211308487309
35.570001602173	4.4202998561352
35.609998703003	4.4219033577560
35.629999160767	4.4241265392756
35.649999618530	4.4270599925568
35.670000076294	4.4304851958995
35.690000534058	4.4341530217842
35.710000991821	4.4378219586185
35.730001449585	4.4412557333062
35.750000000000	4.4450919558769
35.769998550415	4.4466148379045
35.789999008179	4.4482280402972
35.809999465942	4.4490027588976
35.850000381470	4.4478680396457
35.870000839233	4.4459986525844
35.890001296997	4.4433560276492
35.909999847412	4.4408875281488
35.929998397827	4.4361906321293
35.949998855591	4.4319564498454
35.969999313354	4.4275012411941
35.989999771118	4.4229945412847
36.010000228882	4.4185976261603
36.030000686646	4.4144685157520
36.070001602173	4.4075255874478
36.090000152588	4.4057558605139
36.109998703003	4.4029652365549
36.129999160767	4.4017037814645
36.149999618530	4.4011347022689
36.170000076294	4.4012299036803
36.190000534058	4.4019391853590
36.210000991821	4.4031956163535
36.230001449585	4.4049153583623
36.250000000000	4.4078336001829
36.289999008179	4.4118023355897
36.309999465942	4.4143080840669
36.329999923706	4.4167149024075
36.350000381470	4.4189142876243
36.370000839233	4.4207926638344
36.390001296997	4.4222471436041
36.409999847412	4.4240305091274
36.429998397827	4.4235299712630
36.449998855591	4.4232240644587
36.469999313354	4.4222180926598
36.489999771118	4.4205109487775
36.530000686646	4.4150646222246
36.550001144409	4.4114540890054
36.570001602173	4.4073859093228
36.590000152588	4.4038401393557
36.609998703003	4.3984663029936
36.629999160767	4.3939654663511
36.649999618530	4.3896931296906
36.670000076294	4.3858431675831
36.690000534058	4.3825906464902
36.710000991821	4.3800860782715
36.750000000000	4.3785640508887
36.769998550415	4.3779448713003
36.789999008179	4.3790492124430
36.809999465942	4.3809408677295
36.829999923706	4.3834782893924
36.850000381470	4.3864880063619
36.870000839233	4.3897725021291
36.890001296997	4.3931269951792
36.909999847412	4.3971983713321
36.929998397827	4.3992812052690
36.969999313354	4.4036221122815
36.989999771118	4.4048288162533
37.010000228882	4.4053125621521
37.030000686646	4.4050619964535
37.050001144409	4.4040945347990
37.070001602173	4.4024627845655
37.090000152588	4.4010804352686
37.109998703003	4.3975303202577
37.129999160767	4.3944315772913
37.149999618530	4.3910732816802
37.170000076294	4.3875728689249
37.210000991821	4.3806037538497
37.230001449585	4.3773489560623
37.250000000000	4.3752012236941
37.269998550415	4.3717243166505
37.289999008179	4.3694851109899
37.309999465942	4.3676882481845
37.329999923706	4.3663641473596
37.350000381470	4.3655312810812
37.370000839233	4.3651997913066
37.390001296997	4.3653534153176
37.429998397827	4.3670809848204
37.449998855591	4.3685827792354
37.469999313354	4.3704433752734
37.489999771118	4.3726043019068
37.510000228882	4.3749761725425
37.530000686646	4.3774721784554
37.550001144409	4.3799841830387
37.570001602173	4.3824013584673
37.590000152588	4.3854408081930
37.609998703003	4.3864793221040
37.629999160767	4.3879208008990
37.670000076294	4.3891147219780
37.690000534058	4.3887286354277
37.710000991821	4.3876531778825
37.730001449585	4.3858822020678
37.750000000000	4.3842921673391
37.769998550415	4.3804475083556
37.789999008179	4.3769630585865
37.809999465942	4.3731372564630
37.829999923706	4.3691310726137
37.850000381470	4.3651218153910
37.890001296997	4.3578037277219
37.909999847412	4.3556677336758
37.929998397827	4.3525072218840
37.949998855591	4.3509165909471
37.969999313354	4.3501046666365
37.989999771118	4.3500803239057
38.010000228882	4.3507963177811
38.030000686646	4.3521686995359
38.050001144409	4.3540815571807
38.070001602173	4.3564008932865
38.090000152588	4.3597984022084
38.129999160767	4.3642847489075
38.149999618530	4.3667703910342
38.170000076294	4.3690013638827
38.190000534058	4.3709027472014
38.210000991821	4.3724221168365
38.230001449585	4.3735328098342
38.250000000000	4.3750596126534
38.269998550415	4.3745033409896
38.289999008179	4.3743967795346
38.309999465942	4.3739031811452
38.350000381470	4.3719145482444
38.370000839233	4.3704543019429
38.390001296997	4.3687125870051
38.409999847412	4.3675468605908
38.429998397827	4.3644728734050
38.449998855591	4.3620274552984
38.469999313354	4.3594023416929
38.489999771118	4.3566544227246
38.510000228882	4.3538406572563
38.530000686646	4.3510500039748
38.570001602173	4.3458854823312
38.590000152588	4.3445655172040
38.609998703003	4.3420152877542
38.629999160767	4.3408269272686
38.649999618530	4.3402420055157
38.670000076294	4.3403211524042
38.690000534058	4.3410749420371
38.710000991821	4.3424821065142
38.730001449585	4.3444817891558
38.750000000000	4.3477989857433
38.769998550415	4.3498216126994
38.809999465942	4.3559714153368
38.829999923706	4.3589391064069
38.850000381470	4.3616057470672
38.870000839233	4.3638440820840
38.890001296997	4.3655269011388
38.909999847412	4.3674125481793
38.929998397827	4.3669484421935
38.949998855591	4.3666284684752
38.969999313354	4.3656390527267
38.989999771118	4.3640449699490
39.030000686646	4.3594140498659
39.050001144409	4.3566156613447
39.070001602173	4.3536491868362
39.090000152588	4.3514994951650
39.109998703003	4.3477662016383
39.129999160767	4.3450545260104
39.149999618530	4.3426038619773
39.170000076294	4.3404664767503
39.190000534058	4.3386725168607
39.210000991821	4.3372262019238
39.230001449585	4.3361209647461
39.269998550415	4.3348342774805
39.289999008179	4.3346091353584
39.309999465942	4.3346192091478
39.329999923706	4.3348778849406
39.350000381470	4.3353670708046
39.370000839233	4.3360927092662
39.390001296997	4.3370628378663
39.409999847412	4.3391111634257
39.429998397827	4.3397493067559
39.449998855591	4.3414430179499
39.489999771118	4.3453782251277
39.510000228882	4.3474901739769
39.530000686646	4.3495776176447
39.550001144409	4.3515416607165
39.570001602173	4.3532620811656
39.590000152588	4.3554595900566
39.609998703003	4.3555337434221
39.629999160767	4.3558892879902
39.649999618530	4.3556276624903
39.670000076294	4.3547140831073
39.690000534058	4.3531493924560
39.730001449585	4.3482656028496
39.750000000000	4.3459630502439
39.769998550415	4.3417111684070
39.789999008179	4.3381823637399
39.809999465942	4.3347031739323
39.829999923706	4.3314525782276
39.850000381470	4.3285883385397
39.870000839233	4.3262430503295
39.890001296997	4.3245089333663
39.909999847412	4.3242628289665
39.949998855591	4.3232707025685
39.969999313354	4.3240529025080
39.989999771118	4.3252813833320
#Parameters = {D_0=150; D_1=160; D_2=170; D_3=180; D_4=190; D_5=200; D_6=210; R_0=4; R_horn=100; T=1; a=7.112; a_horn=21; b=3.556; b_horn=15.5; d=22.5756394418; d2=14.198361494191; delta=0.005; f=200; f2=350; h_back=8; h_back_2=20; h_back_back=20; h_horn=213.67261386413; h_horn2=43; l_la=650; l_plasma=200; n=1.9493588689618; ne0=218400000000; ne1=176000000000; ne2=168000000000; ne3=155000000000; ne4=134000000000; ne5=102000000000; ne6=29300000000; ve1=1500000000; xx=8.903025577672; y_move=0; yy=8.903025577672; z_move=20}
#"Frequency / GHz"	"28.98E9_5E9 [Real Part]"
#-------------------------------------------
20.030000686646	4.0382277653103
20.050000190735	4.0184830720098
20.069999694824	3.9906403660424
20.090000152588	3.9590949896663
20.110000610352	3.9276083648184
20.130000114441	3.9011755626284
20.149999618530	3.8829827282671
20.170000076294	3.8771712861716
20.190000534058	3.8842945360404
20.210000038147	3.9033231809626
20.229999542236	3.9297619105466
20.270000457764	3.9902057547118
20.289999961853	4.0158562620828
20.309999465942	4.0332562087849
20.329999923706	4.0417636146901
20.350000381470	4.0402279992094
20.369999885559	4.0292731663483
20.389999389648	4.0089630094563
20.409999847412	3.9826701059755
20.430000305176	3.9531945482326
20.449999809265	3.9248620195893
20.469999313354	3.9008098556204
20.489999771118	3.8859599327144
20.530000686646	3.8907067327558
20.550000190735	3.9096152533362
20.569999694824	3.9347819022321
20.590000152588	3.9632348065558
20.610000610352	3.9904962523454
20.630000114441	4.0134597205763
20.649999618530	4.0283973138409
20.670000076294	4.0348912526588
20.690000534058	4.0319654589904
20.710000038147	4.0203971148472
20.729999542236	4.0003265251618
20.770000457764	3.9477005002819
20.789999961853	3.9220280432014
20.809999465942	3.9009498162852
20.829999923706	3.8889031494742
20.850000381470	3.8875130716282
20.869999885559	3.8972968212487
20.889999389648	3.9154061361736
20.909999847412	3.9398067651956
20.930000305176	3.9663173837864
20.949999809265	3.9915594682584
20.969999313354	4.0112516856900
20.989999771118	4.0242320688522
21.030000686646	4.0245058864942
21.050000190735	4.0122762595641
21.069999694824	3.9923590538186
21.090000152588	3.9682014181293
21.110000610352	3.9424930540037
21.130000114441	3.9191888306542
21.149999618530	3.9007408753451
21.170000076294	3.8911562748315
21.190000534058	3.8916382893544
21.210000038147	3.9023622724509
21.229999542236	3.9203706306626
21.250000000000	3.9437057858858
21.289999961853	3.9914914569854
21.309999465942	4.0088882322117
21.329999923706	4.0197532778604
21.350000381470	4.0225655316332
21.369999885559	4.0174814249979
21.389999389648	4.0039928025175
21.409999847412	3.9847428133812
21.430000305176	3.9617073885519
21.449999809265	3.9382344284058
21.469999313354	3.9166069712293
21.489999771118	3.9011789243430
21.530000686646	3.8963690100810
21.550000190735	3.9080318975599
21.569999694824	3.9259638657277
21.590000152588	3.9483167026819
21.610000610352	3.9713785808276
21.630000114441	3.9923905516068
21.649999618530	4.0076482348634
21.670000076294	4.0165396880862
21.690000534058	4.0177630568786
21.710000038147	4.0116249123948
21.729999542236	3.9977596836874
21.750000000000	3.9788863493270
21.789999961853	3.9352984639561
21.809999465942	3.9159048027865
21.829999923706	3.9028251407840
21.850000381470	3.8977782967397
21.869999885559	3.9019019360897
21.889999389648	3.9133819473252
21.909999847412	3.9313205371281
21.930000305176	3.9524975461126
21.949999809265	3.9741837222336
21.969999313354	3.9923744517207
21.989999771118	4.0059357881752
22.010000228882	4.0129481483635
22.050000190735	4.0056236406612
22.069999694824	3.9914946485325
22.090000152588	3.9730945989855
22.110000610352	3.9523688479669
22.130000114441	3.9324997483475
22.149999618530	3.9153026859943
22.170000076294	3.9044819809854
22.190000534058	3.9013809075688
22.210000038147	3.9068212514310
22.229999542236	3.9187854096675
22.250000000000	3.9363464782213
22.289999961853	3.9764602499275
22.309999465942	3.9927657765212
22.329999923706	4.0044486070207
22.350000381470	4.0098019980597
22.369999885559	4.0086913885242
22.389999389648	4.0001838461513
22.409999847412	3.9864194094434
22.430000305176	3.9687077211353
22.449999809265	3.9497218391645
22.469999313354	3.9309988484323
22.489999771118	3.9163656515239
22.510000228882	3.9076974748579
22.550000190735	3.9129052915275
22.569999694824	3.9251442172700
22.590000152588	3.9421699426178
22.610000610352	3.9610246488688
22.630000114441	3.9794377422543
22.649999618530	3.9939258635006
22.670000076294	4.0038464805092
22.690000534058	4.0077247481103
22.710000038147	4.0055667547144
22.729999542236	3.9965893934606
22.750000000000	3.9829987096589
22.770000457764	3.9661285729370
22.809999465942	3.9317186436826
22.829999923706	3.9191342886751
22.850000381470	3.9123623314685
22.869999885559	3.9128536246348
22.889999389648	3.9194188512689
22.909999847412	3.9320249257201
22.930000305176	3.9483122198506
22.949999809265	3.9662446669168
22.969999313354	3.9822622512865
22.989999771118	3.9954054183053
23.010000228882	4.0037382802498
23.050000190735	4.0033998286804
23.069999694824	3.9942114812310
23.090000152588	3.9810326843844
23.110000610352	3.9651891132485
23.130000114441	3.9491870184573
23.149999618530	3.9342164306468
23.170000076294	3.9235824421056
23.190000534058	3.9185509261713
23.210000038147	3.9202762360905
23.229999542236	3.9274001042196
23.250000000000	3.9398360866017
23.270000457764	3.9553027321652
23.309999465942	3.9864146260114
23.329999923706	3.9979916462059
23.350000381470	4.0049395659948
23.369999885559	4.0068982495491
23.389999389648	4.0026180969616
23.409999847412	3.9937870813567
23.430000305176	3.9811564593731
23.449999809265	3.9667569579271
23.469999313354	3.9514682195401
23.489999771118	3.9385548598612
23.510000228882	3.9295639988796
23.550000190735	3.9284530885884
23.569999694824	3.9357913290652
23.590000152588	3.9478098747458
23.610000610352	3.9623315309551
23.630000114441	3.9776740001627
23.649999618530	3.9907045653789
23.670000076294	4.0008936858121
23.690000534058	4.0066811391881
23.710000038147	4.0078364600876
23.729999542236	4.0032054200398
23.750000000000	3.9945148710184
23.770000457764	3.9825127772277
23.809999465942	3.9552161727176
23.829999923706	3.9437463296984
23.850000381470	3.9360926972954
23.869999885559	3.9338024486712
23.889999389648	3.9361533321785
23.909999847412	3.9438484016340
23.930000305176	3.9553270688843
23.949999809265	3.9692813206928
23.969999313354	3.9826796920052
23.989999771118	3.9948408784104
24.010000228882	4.0038967977787
24.030000686646	4.0088002390174
24.069999694824	4.0046801032441
24.090000152588	3.9963054558041
24.110000610352	3.9850267744162
24.130000114441	3.9727220427481
24.149999618530	3.9600078625598
24.170000076294	3.9497948597373
24.190000534058	3.9432223802551
24.210000038147	3.9416731786926
24.229999542236	3.9443173958307
24.250000000000	3.9518147956164
24.270000457764	3.9626724335536
24.309999465942	3.9879970650232
24.329999923706	3.9990703398554
24.350000381470	4.0071841954463
24.369999885559	4.0117822513068
24.389999389648	4.0112888578607
24.409999847412	4.0069437506963
24.430000305176	3.9989589747973
24.449999809265	3.9887698839277
24.469999313354	3.9766577862045
24.489999771118	3.9653841192177
24.510000228882	3.9561866695639
24.530000686646	3.9504389807874
24.569999694824	3.9521304732190
24.590000152588	3.9593320612020
24.610000610352	3.9695505241331
24.630000114441	3.9817086558997
24.649999618530	3.9930637464703
24.670000076294	4.0032368771470
24.690000534058	4.0106064351899
24.710000038147	4.0147089453386
24.729999542236	4.0140215799715
24.750000000000	4.0097905067569
24.770000457764	4.0022245793768
24.809999465942	3.9814042201189
24.829999923706	3.9710026620273
24.850000381470	3.9625955557214
24.869999885559	3.9578126574007
24.889999389648	3.9563044221772
24.909999847412	3.9593883686054
24.930000305176	3.9662368942586
24.949999809265	3.9762353790642
24.969999313354	3.9868939174662
24.989999771118	3.9978570561290
25.010000228882	4.0073411181043
25.030000686646	4.0141901715942
25.069999694824	4.0172727378469
25.090000152588	4.0132660286159
25.110000610352	4.0061519923989
25.130000114441	3.9972520775066
25.149999618530	3.9866696888592
25.170000076294	3.9769695358703
25.190000534058	3.9691520354556
25.210000038147	3.9647509065063
25.229999542236	3.9633597343060
25.250000000000	3.9662837647206
25.270000457764	3.9727256239762
25.309999465942	3.9921410851021
25.329999923706	4.0024683029097
25.350000381470	4.0114145026967
25.369999885559	4.0182790694439
25.389999389648	4.0211628322763
25.409999847412	4.0208808393542
25.430000305176	4.0171390804055
25.449999809265	4.0108348564027
25.469999313354	4.0017090619375
25.489999771118	3.9920782971511
25.510000228882	3.9828922556902
25.530000686646	3.9754572928771
25.569999694824	3.9698074561319
25.590000152588	3.9724647180255
25.610000610352	3.9784675258648
25.630000114441	3.9873328093754
25.649999618530	3.9967549336224
25.670000076294	4.0065566862092
25.690000534058	4.0150988509960
25.710000038147	4.0217188880270
25.729999542236	4.0245322892395
25.750000000000	4.0243543211012
25.770000457764	4.0208675083211
25.809999465942	4.0062074399072
25.829999923706	3.9969737019095
25.850000381470	3.9881088850303
25.869999885559	3.9812345400714
25.889999389648	3.9762774034086
25.909999847412	3.9750582376158
25.930000305176	3.9773995893431
25.949999809265	3.9833554516388
25.969999313354	3.9910029975340
25.989999771118	4.0003651555946
26.010000228882	4.0098133620181
26.030000686646	4.0181270834281
26.069999694824	4.0275360184523
26.090000152588	4.0275413303213
26.110000610352	4.0243351337228
26.130000114441	4.0187230554938
26.149999618530	4.0103362234038
26.170000076294	4.0013813916207
26.190000534058	3.9926899318231
26.210000038147	3.9858639553309
26.229999542236	3.9808008042906
26.250000000000	3.9793561748549
26.270000457764	3.9813576836138
26.309999465942	3.9942123400735
26.329999923706	4.0032712501632
26.350000381470	4.0125131349401
26.369999885559	4.0211250296704
26.389999389648	4.0269340825650
26.409999847412	4.0303409653171
26.430000305176	4.0305777273077
26.449999809265	4.0280212777578
26.469999313354	4.0219063597909
26.489999771118	4.0141202153897
26.510000228882	4.0052915719531
26.530000686646	3.9966093128175
26.569999694824	3.9843684909034
26.590000152588	3.9825919669999
26.610000610352	3.9842392630790
26.630000114441	3.9894709733316
26.649999618530	3.9964651104626
26.670000076294	4.0053449765444
26.690000534058	4.0145292330522
26.710000038147	4.0232155184942
26.729999542236	4.0291917899188
26.750000000000	4.0328464882486
26.770000457764	4.0333571324882
26.809999465942	4.0251506841397
26.829999923706	4.0174693885611
26.850000381470	4.0086224850072
26.869999885559	4.0001779509706
26.889999389648	3.9921975685953
26.909999847412	3.9869225930184
26.930000305176	3.9847481284718
26.949999809265	3.9863977704709
26.969999313354	3.9905678634759
26.989999771118	3.9977663860099
27.010000228882	4.0066219012367
27.030000686646	4.0159168047480
27.069999694824	4.0311373889198
27.090000152588	4.0351415158597
27.110000610352	4.0359916983604
27.130000114441	4.0339692689038
27.149999618530	4.0282143518348
27.170000076294	4.0205479795274
27.190000534058	4.0115609106129
27.210000038147	4.0028238937615
27.229999542236	3.9944459125280
27.250000000000	3.9887115659315
27.270000457764	3.9860921399924
27.309999465942	3.9913365621582
27.329999923706	3.9985030984529
27.350000381470	4.0075069791934
27.369999885559	4.0175080798718
27.389999389648	4.0260878163457
27.409999847412	4.0332578667181
27.430000305176	4.0377359275568
27.449999809265	4.0393591986368
27.469999313354	4.0368173976805
27.489999771118	4.0315140269061
27.510000228882	4.0237054397656
27.530000686646	4.0143730859934
27.569999694824	3.9961083296611
27.590000152588	3.9897227545984
27.610000610352	3.9865231963975
27.630000114441	3.9874037175768
27.649999618530	3.9911884311281
27.670000076294	3.9984459096947
27.690000534058	4.0077902675058
27.710000038147	4.0183299340876
27.729999542236	4.0275681730303
27.750000000000	4.0354138032015
27.770000457764	4.0404973138126
27.809999465942	4.0402448976408
27.829999923706	4.0348906589748
27.850000381470	4.0267371983017
27.869999885559	4.0171858558252
27.889999389648	4.0063509962473
27.909999847412	3.9968158309812
27.930000305176	3.9895492001889
27.949999809265	3.9860201850396
27.969999313354	3.9857187817977
27.989999771118	3.9898168539650
28.010000228882	3.9973817107630
28.030000686646	4.0073622662622
28.069999694824	4.0289599128085
28.090000152588	4.0377105213717
28.110000610352	4.0435236844567
28.130000114441	4.0460376964738
28.149999618530	4.0437827346743
28.170000076294	4.0380848075884
28.190000534058	4.0291907212325
28.210000038147	4.0185509311039
28.229999542236	4.0064194388033
28.250000000000	3.9955419503405
28.270000457764	3.9870994884730
28.309999465942	3.9821805026258
28.329999923706	3.9865925214614
28.350000381470	3.9950495816240
28.369999885559	4.0067389319727
28.389999389648	4.0189497734260
28.409999847412	4.0311241351492
28.430000305176	4.0412716246001
28.449999809265	4.0484632621703
28.469999313354	4.0506425228367
28.489999771118	4.0485700770553
28.510000228882	4.0419933857390
28.530000686646	4.0316184648854
28.569999694824	4.0047302665056
28.590000152588	3.9917784428039
28.610000610352	3.9817118523073
28.630000114441	3.9765302690036
28.649999618530	3.9760750217249
28.670000076294	3.9816380251818
28.690000534058	3.9921008277291
28.710000038147	4.0063524191208
28.729999542236	4.0212712285680
28.750000000000	4.0358790798075
28.770000457764	4.0478107279811
28.809999465942	4.0578160436496
28.829999923706	4.0544222328232
28.850000381470	4.0455876120366
28.869999885559	4.0327503894435
28.889999389648	4.0165212312718
28.909999847412	4.0004370835682
28.930000305176	3.9868364230800
28.949999809265	3.9787330189522
28.969999313354	3.9769918605654
28.989999771118	3.9836166002860
29.010000228882	3.9976665554640
29.050000190735	4.0393215604284
29.069999694824	4.0592720373033
29.090000152588	4.0741444270793
29.110000610352	4.0796204265851
29.130000114441	4.0723848035330
29.149999618530	4.0479879906413
29.170000076294	4.0050040852834
29.190000534058	3.9419263638665
29.210000038147	3.8609607609618
29.229999542236	3.7680741063612
29.250000000000	3.6789264997413
29.270000457764	3.6148436407289
29.309999465942	3.6439096173822
29.329999923706	3.7463524422537
29.350000381470	3.8874741599597
29.369999885559	4.0450310895814
29.389999389648	4.2001547877750
29.409999847412	4.3440911931237
29.430000305176	4.4729821766013
29.449999809265	4.5877083281992
29.469999313354	4.6893526739606
29.489999771118	4.7824302955950
29.510000228882	4.8699947400079
29.550000190735	5.0440625621111
29.569999694824	5.1380441452791
29.590000152588	5.2444486518109
29.610000610352	5.3692719321224
29.630000114441	5.5206867593089
29.649999618530	5.7049731433074
29.670000076294	5.9281575108708
29.690000534058	6.1819130034875
29.729999542236	6.6115087619759
29.750000000000	6.6507034266055
29.770000457764	6.5357177985766
29.789999961853	6.3232982561404
29.809999465942	6.0859201776575
29.829999923706	5.8724647273481
29.850000381470	5.6984728935494
29.889999389648	5.4597260002451
29.909999847412	5.3811857002472
29.930000305176	5.3214435592029
29.949999809265	5.2763896650938
29.969999313354	5.2410976819302
29.989999771118	5.2145798770521
30.010000228882	5.1945095719881
30.030000686646	5.1795460081085
30.069999694824	5.1612268727416
30.090000152588	5.1565495232215
30.110000610352	5.1542314053833
30.130000114441	5.1544039778036
30.149999618530	5.1552959862030
30.170000076294	5.1581281444229
30.190000534058	5.1621729329776
30.210000038147	5.1676976467679
30.229999542236	5.1729987535186
30.270000457764	5.1859288199268
30.289999961853	5.1930467868704
30.309999465942	5.1989226499171
30.329999923706	5.2047540033569
30.350000381470	5.2097566002485
30.369999885559	5.2141546589052
30.389999389648	5.2161952183717
30.409999847412	5.2171547007173
30.430000305176	5.2163627524288
30.469999313354	5.2091358260664
30.489999771118	5.2026863622019
30.510000228882	5.1944357599670
30.530000686646	5.1845391538939
30.550000190735	5.1736821127511
30.569999694824	5.1606119796973
30.590000152588	5.1470518976729
30.610000610352	5.1327541401229
30.649999618530	5.1029019210119
30.670000076294	5.0877600830274
30.690000534058	5.0727257725206
30.710000038147	5.0584134007076
30.729999542236	5.0435009555820
30.750000000000	5.0295261195038
30.770000457764	5.0160802568635
30.789999961853	5.0036901828142
30.809999465942	4.9909629404683
30.850000381470	4.9683971055874
30.869999885559	4.9585785660497
30.889999389648	4.9484688326341
30.909999847412	4.9394844887402
30.930000305176	4.9311442463007
30.949999809265	4.9238987108948
30.969999313354	4.9163192867813
30.989999771118	4.9097991768261
31.010000228882	4.9038309136720
31.050000190735	4.8939193294430
31.069999694824	4.8889707809155
31.090000152588	4.8849003673043
31.110000610352	4.8812139207437
31.130000114441	4.8783144683094
31.149999618530	4.8747732353627
31.170000076294	4.8719332821998
31.190000534058	4.8692877172385
31.210000038147	4.8672542459086
31.229999542236	4.8643973313298
31.270000457764	4.8597812890789
31.289999961853	4.8579598690113
31.309999465942	4.8551903165015
31.329999923706	4.8528409905950
31.350000381470	4.8504361024194
31.369999885559	4.8484274117352
31.389999389648	4.8454228445518
31.409999847412	4.8428087759723
31.430000305176	4.8401109309949
31.469999313354	4.8345142479762
31.489999771118	4.8316029682648
31.510000228882	4.8286289874280
31.530000686646	4.8255813635750
31.550000190735	4.8229171558673
31.569999694824	4.8192510602500
31.590000152588	4.8159551688307
31.610000610352	4.8125515374769
31.630000114441	4.8095032055421
31.670000076294	4.8016230422491
31.690000534058	4.7976946502989
31.710000038147	4.7940702694373
31.729999542236	4.7893714225065
31.750000000000	4.7849734044975
31.770000457764	4.7804269967150
31.789999961853	4.7762022380038
31.809999465942	4.7709409143652
31.829999923706	4.7660535710075
31.850000381470	4.7610997490366
31.889999389648	4.7511367020261
31.909999847412	4.7461976308733
31.930000305176	4.7413389478161
31.949999809265	4.7370376719233
31.969999313354	4.7319723589607
31.989999771118	4.7275170498998
32.010000228882	4.7232372998317
32.030000686646	4.7191350590565
32.050001144409	4.7152207805849
32.090000152588	4.7087823764661
32.109998703003	4.7044271873456
32.129999160767	4.7010852693056
32.149999618530	4.6978252330406
32.170000076294	4.6946199342807
32.190000534058	4.6914455903477
32.210000991821	4.6882745113147
32.230001449585	4.6851103381816
32.250000000000	4.6828057012144
32.269998550415	4.6787019123049
32.309999465942	4.6722612323238
32.329999923706	4.6690597184139
32.350000381470	4.6659141604609
32.370000839233	4.6628467092526
32.390001296997	4.6598928741974
32.409999847412	4.6579734702498
32.429998397827	4.6544465034479
32.449998855591	4.6520073804947
32.469999313354	4.6497808091844
32.489999771118	4.6477676556068
32.530000686646	4.6443584090252
32.550001144409	4.6429308693877
32.570001602173	4.6416338340879
32.590000152588	4.6413211258813
32.609998703003	4.6392900531728
32.629999160767	4.6381528850477
32.649999618530	4.6369735902322
32.670000076294	4.6357179741712
32.690000534058	4.6343452232631
32.710000991821	4.6328323102369
32.750000000000	4.6302375679150
32.769998550415	4.6273967196288
32.789999008179	4.6253169406929
32.809999465942	4.6231495820440
32.829999923706	4.6209338956790
32.850000381470	4.6187150904316
32.870000839233	4.6165448137541
32.890001296997	4.6144685925398
32.909999847412	4.6134028055509
32.949998855591	4.6091675796932
32.969999313354	4.6077865305869
32.989999771118	4.6065916907217
33.010000228882	4.6055888737050
33.030000686646	4.6047090064902
33.050001144409	4.6039353498562
33.070001602173	4.6032007558806
33.090000152588	4.6033282888961
33.109998703003	4.6016207767949
33.129999160767	4.6006611359447
33.170000076294	4.5981375100385
33.190000534058	4.5965109078845
33.210000991821	4.5946161200610
33.230001449585	4.5924605291481
33.250000000000	4.5909394227459
33.269998550415	4.5874624391233
33.289999008179	4.5847042664963
33.309999465942	4.5818482118199
33.329999923706	4.5789639065691
33.350000381470	4.5761208046064
33.390001296997	4.5708215167354
33.409999847412	4.5693485716566
33.429998397827	4.5663891657972
33.449998855591	4.5645693680050
33.469999313354	4.5630290031531
33.489999771118	4.5617386381492
33.510000228882	4.5606631522386
33.530000686646	4.5597487787988
33.550001144409	4.5589309283064
33.570001602173	4.5581449271456
33.609998703003	4.5563513422659
33.629999160767	4.5552191928062
33.649999618530	4.5538521291597
33.670000076294	4.5522142676094
33.690000534058	4.5502929617297
33.710000991821	4.5480818535089
33.730001449585	4.5456000091157
33.750000000000	4.5437568036132
33.769998550415	4.5399904945745
33.789999008179	4.5369868363456
33.829999923706	4.5309324633651
33.850000381470	4.5280429834171
33.870000839233	4.5253463125801
33.890001296997	4.5229035330160
33.909999847412	4.5216271033278
33.929998397827	4.5189554499558
33.949998855591	4.5174873863060
33.969999313354	4.5163495444988
33.989999771118	4.5155103808365
34.010000228882	4.5149208209616
34.050001144409	4.5142320293769
34.070001602173	4.5139836251946
34.090000152588	4.5145582495209
34.109998703003	4.5132950960786
34.129999160767	4.5127201627570
34.149999618530	4.5119192491373
34.170000076294	4.5108566420088
34.190000534058	4.5095178814221
34.210000991821	4.5078937645253
34.230001449585	4.5060123504642
34.269998550415	4.5016039687555
34.289999008179	4.4991888339329
34.309999465942	4.4967173356837
34.329999923706	4.4942619112571
34.350000381470	4.4918942238393
34.370000839233	4.4896815652234
34.390001296997	4.4876801872949
34.409999847412	4.4867950572295
34.429998397827	4.4844929837905
34.449998855591	4.4833521746756
34.489999771118	4.4819810549480
34.510000228882	4.4817076827091
34.530000686646	4.4816381197812
34.550001144409	4.4817374957149
34.570001602173	4.4819340569952
34.590000152588	4.4830208385585
34.609998703003	4.4823692155172
34.629999160767	4.4824825758336
34.649999618530	4.4824558033178
34.670000076294	4.4822380909564
34.710000991821	4.4811272763270
34.730001449585	4.4801994033235
34.750000000000	4.4798780737444
34.769998550415	4.4776121325995
34.789999008179	4.4760002415927
34.809999465942	4.4742206518889
34.829999923706	4.4723194359392
34.850000381470	4.4703496632364
34.870000839233	4.4683651810560
34.890001296997	4.4664265154653
34.909999847412	4.4654391516419
34.949998855591	4.4614086522737
34.969999313354	4.4601461273510
34.989999771118	4.4591451187149
35.010000228882	4.4584097352531
35.030000686646	4.4579433308697
35.050001144409	4.4577293313555
35.070001602173	4.4577428865288
35.090000152588	4.4587918263800
35.109998703003	4.4582822480644
35.129999160767	4.4587094858515
35.170000076294	4.4595761365818
35.190000534058	4.4598936722782
35.210000991821	4.4600612285434
35.230001449585	4.4600319275407
35.250000000000	4.4606136241744
35.269998550415	4.4592269666774
35.289999008179	4.4584081613466
35.309999465942	4.4573096755421
35.329999923706	4.4559321737479
35.350000381470	4.4543168883328
35.390001296997	4.4504929354105
35.409999847412	4.4492555786554
35.429998397827	4.4462738957925
35.449998855591	4.4441716438642
35.469999313354	4.4421628236253
35.489999771118	4.4403102934808
35.510000228882	4.4386656614902
35.530000686646	4.4372752219942
35.550001144409	4.4361674179780
35.570001602173	4.4353572670947
35.609998703003	4.4346139096440
35.629999160767	4.4346267071646
35.649999618530	4.4348501627247
35.670000076294	4.4352188613416
35.690000534058	4.4356788044678
35.710000991821	4.4361612017502
35.730001449585	4.4366019393210
35.750000000000	4.4377842765194
35.769998550415	4.4371194331523
35.789999008179	4.4370916442511
35.809999465942	4.4368240024982
35.850000381470	4.4354790511883
35.870000839233	4.4343914071755
35.890001296997	4.4330477212944
35.909999847412	4.4323081973824
35.929998397827	4.4296810496937
35.949998855591	4.4277432277630
35.969999313354	4.4257012085412
35.989999771118	4.4236077569499
36.010000228882	4.4215267164859
36.030000686646	4.4195000713053
36.070001602173	4.4158494362661
36.090000152588	4.4151442082831
36.109998703003	4.4129942302097
36.129999160767	4.4119336778135
36.149999618530	4.4111341883743
36.170000076294	4.4105941548490
36.190000534058	4.4103000460423
36.210000991821	4.4102261249548
36.230001449585	4.4103435263476
36.250000000000	4.4114521448471
36.289999008179	4.4114052958149
36.309999465942	4.4118309014883
36.329999923706	4.4122110463171
36.350000381470	4.4124967552602
36.370000839233	4.4126384366031
36.390001296997	4.4126022880447
36.409999847412	4.4131974792978
36.429998397827	4.4118752785028
36.449998855591	4.4111464802492
36.469999313354	4.4101706966957
36.489999771118	4.4089507925922
36.530000686646	4.4058707508511
36.550001144409	4.4040757231447
36.570001602173	4.4021690815474
36.590000152588	4.4010418920960
36.609998703003	4.3982303943551
36.629999160767	4.3963122655874
36.649999618530	4.3945058363056
36.670000076294	4.3928569657941
36.690000534058	4.3914227720936
36.710000991821	4.3902305478637
36.750000000000	4.3895143141453
36.769998550415	4.3883255158657
36.789999008179	4.3882452468628
36.809999465942	4.3884098606420
36.829999923706	4.3887830450231
36.850000381470	4.3893160679547
36.870000839233	4.3899576350441
36.890001296997	4.3906471789058
36.909999847412	4.3921716297610
36.929998397827	4.3919544076406
36.969999313354	4.3928116238764
36.989999771118	4.3929635890224
37.010000228882	4.3928934224026
37.030000686646	4.3925816025345
37.050001144409	4.3920242048840
37.070001602173	4.3912244003276
37.090000152588	4.3910341098382
37.109998703003	4.3889625600716
37.129999160767	4.3875542740991
37.149999618530	4.3860152646705
37.170000076294	4.3843759029371
37.210000991821	4.3810016168813
37.230001449585	4.3793602946769
37.250000000000	4.3786470880479
37.269998550415	4.3763876044313
37.289999008179	4.3751351098333
37.309999465942	4.3740764824383
37.329999923706	4.3732378689111
37.350000381470	4.3726266342856
37.370000839233	4.3722613327589
37.390001296997	4.3721243363013
37.429998397827	4.3725003028149
37.449998855591	4.3729586810681
37.469999313354	4.3735660948605
37.489999771118	4.3742686334377
37.510000228882	4.3750298102103
37.530000686646	4.3758035253656
37.550001144409	4.3765426069552
37.570001602173	4.3772032281206
37.590000152588	4.3785714622719
37.609998703003	4.3781198992056
37.629999160767	4.3783019806284
37.670000076294	4.3780023456984
37.690000534058	4.3774967510653
37.710000991821	4.3767478105304
37.730001449585	4.3757758966294
37.750000000000	4.3754319476110
37.769998550415	4.3732460698418
37.789999008179	4.3717603854794
37.809999465942	4.3701815652425
37.829999923706	4.3685727642879
37.850000381470	4.3669720403031
37.890001296997	4.3640218910383
37.909999847412	4.3635991892518
37.929998397827	4.3617120872223
37.949998855591	4.3608847059310
37.969999313354	4.3603083083690
37.989999771118	4.3599855295296
38.010000228882	4.3599161447021
38.030000686646	4.3600804003251
38.050001144409	4.3604602244893
38.070001602173	4.3610248377071
38.109998703003	4.3625265997886
38.129999160767	4.3633775908724
38.149999618530	4.3642357153208
38.170000076294	4.3650593768231
38.190000534058	4.3658003892138
38.210000991821	4.3664256915965
38.230001449585	4.3669066264701
38.250000000000	4.3680390692754
38.269998550415	4.3673241155024
38.289999008179	4.3672338326077
38.309999465942	4.3669376524508
38.350000381470	4.3657293378304
38.370000839233	4.3648385531609
38.390001296997	4.3637821602089
38.409999847412	4.3634160503359
38.429998397827	4.3612735145505
38.449998855591	4.3598793489351
38.469999313354	4.3584451039946
38.489999771118	4.3570068929588
38.510000228882	4.3556028335094
38.530000686646	4.3542740180472
38.570001602173	4.3519980084738
38.590000152588	4.3519512163493
38.609998703003	4.3504465236695
38.629999160767	4.3500017553702
38.649999618530	4.3497893197293
38.670000076294	4.3498054124142
38.690000534058	4.3500544500369
38.710000991821	4.3505057632519
38.730001449585	4.3511312164813
38.750000000000	4.3527250643015
38.769998550415	4.3527585830929
38.809999465942	4.3545850312975
38.829999923706	4.3554515686718
38.850000381470	4.3562253581786
38.870000839233	4.3568581394954
38.890001296997	4.3573212054201
38.909999847412	4.3584170304192
38.929998397827	4.3576271802516
38.949998855591	4.3574397560582
38.969999313354	4.3570218141229
38.989999771118	4.3563737517484
39.030000686646	4.3544879497688
39.050001144409	4.3533001566866
39.070001602173	4.3519948079107
39.090000152588	4.3514354842145
39.109998703003	4.3491824576659
39.129999160767	4.3477573793255
39.149999618530	4.3463722807647
39.170000076294	4.3450622709054
39.190000534058	4.3438628608937
39.210000991821	4.3427995350734
39.230001449585	4.3418953725153
39.269998550415	4.3406305931188
39.289999008179	4.3402893724372
39.309999465942	4.3401366838471
39.329999923706	4.3401747122814
39.350000381470	4.3403913890584
39.370000839233	4.3407685113773
39.390001296997	4.3412862186188
39.409999847412	4.3427453038330
39.429998397827	4.3426329046008
39.449998855591	4.3434036560552
39.489999771118	4.3449628782912
39.510000228882	4.3456840002947
39.530000686646	4.3463105379045
39.550001144409	4.3468108773543
39.570001602173	4.3471613742254
39.590000152588	4.3481596992579
39.609998703003	4.3472988744556
39.629999160767	4.3470545477347
39.649999618530	4.3465931398063
39.670000076294	4.3459177225206
39.690000534058	4.3450358435414
39.730001449585	4.3427594088002
39.750000000000	4.3422593522240
39.769998550415	4.3400112304529
39.789999008179	4.3385697714148
39.809999465942	4.3371354306015
39.829999923706	4.3357598987502
39.850000381470	4.3344828923423
39.870000839233	4.3333454391990
39.890001296997	4.3323808760573
39.909999847412	4.3324282118085
39.949998855591	4.3306870914144
39.969999313354	4.3305451936496
39.989999771118	4.3306089268834
